saccadeCounter stepCounter successfulDirectLink successfulNeighbourLink unsuccesfulDirectLinkCounter neighourCounter penultimateMoveWasLink linksLearnt linksUpdated possibleLinkstoLearn unlearntInputFields(612) unlearntOutputFields(580) rollingAverage NumLinks NumGoodLinks TimeStamp
- - - - - - - - - - - - - - - 1432206684
0 92 0 0 0 0 0 27 0 93 602 565 92 15 8 1432206850
1 32 0 1 0 2 0 11 0 33 594 559 62 24 13 1432206865
2 9 0 1 0 1 0 3 0 9 592 558 44.3333 27 13 1432206876
3 1 0 1 0 1 0 2 0 1 590 557 33.5 30 14 1432206880
4 7 1 0 0 0 0 5 0 6 589 555 28.2 32 16 1432206887
5 18 1 0 0 0 0 3 0 17 588 554 26.5 34 16 1432206897
6 5 0 1 0 2 0 5 0 6 583 551 23.4286 40 16 1432206904
7 5 1 0 0 0 0 3 0 5 582 548 21.125 43 16 1432206911
8 0 0 0 0 0 0 1 0 1 581 547 18.7778 45 16 1432206916
9 3 0 1 0 2 1 4 0 4 577 544 17.2 50 17 1432206928
10 7 0 0 0 0 0 2 0 8 575 543 8.7 52 18 1432206934
11 6 0 1 0 1 0 3 0 7 572 541 6.1 56 19 1432206941
12 5 0 1 0 2 1 4 0 6 568 538 5.7 61 19 1432206948
13 9 0 1 0 3 1 6 0 9 563 535 6.5 67 18 1432206957
14 2 1 0 0 0 0 3 0 2 562 534 6 69 20 1432206962
15 2 1 0 0 0 0 3 0 2 560 532 4.4 72 20 1432206969
16 4 0 0 0 0 0 4 0 5 558 530 4.3 75 22 1432206974
17 1 1 0 0 0 0 2 0 0 557 530 3.9 76 22 1432206979
18 4 0 1 0 1 0 3 0 4 555 529 4 79 24 1432206993
19 6 0 1 0 1 0 3 0 7 552 529 5 83 25 1432207001
20 0 0 0 0 0 0 1 0 1 551 528 3.33333 85 25 1432207006
21 4 1 0 0 1 1 5 0 4 547 524 3.5 90 26 1432207012
22 0 0 0 0 0 0 1 0 1 546 523 2.8 92 26 1432207018
23 1 1 0 0 0 0 2 0 1 544 522 2.5 95 26 1432207025
24 1 0 1 0 1 0 2 0 1 542 522 2.28571 97 28 1432207034
25 3 0 1 0 2 1 4 0 3 541 521 2.375 100 29 1432207042
26 3 0 1 1 1 1 4 0 3 539 519 2.44444 103 31 1432207048
27 1 0 1 0 1 0 2 0 1 537 519 2.3 105 33 1432207059
28 10 1 0 1 0 1 4 0 9 535 518 2.9 108 32 1432207067
29 1 0 1 0 1 0 2 0 1 534 518 2.4 109 34 1432207072
30 11 0 1 0 2 1 4 0 12 531 516 3.5 113 36 1432207082
31 5 0 1 0 2 1 4 0 6 527 515 3.6 118 37 1432207089
32 19 1 0 1 0 1 4 0 17 527 513 5.5 119 37 1432207100
33 2 0 1 0 1 0 3 0 3 525 511 5.6 122 38 1432207105
34 4 1 0 1 1 1 5 0 2 523 509 5.9 124 38 1432207112
35 19 0 1 0 1 0 3 0 19 522 509 7.5 126 39 1432207125
36 1 0 1 0 1 0 2 0 1 520 509 7.3 128 40 1432207129
37 2 0 1 1 1 1 3 0 1 518 508 7.4 130 41 1432207141
38 2 1 0 0 0 0 3 0 1 518 508 6.6 131 43 1432207146
39 1 1 0 0 0 0 2 0 0 517 508 6.6 133 43 1432207151
40 1 1 0 0 0 0 2 0 0 517 508 5.6 133 43 1432207155
41 7 0 1 1 2 1 5 0 6 515 508 5.8 136 42 1432207163
42 2 0 1 0 1 0 3 0 3 513 508 4.1 139 43 1432207168
43 9 0 0 0 0 0 2 0 9 512 507 4.8 141 43 1432207177
44 2 1 0 1 0 1 3 0 0 511 507 4.6 142 42 1432207182
45 3 0 1 1 2 1 4 0 3 509 507 3 144 43 1432207186
46 2 0 1 0 1 0 3 0 2 508 507 3.1 146 44 1432207193
47 6 1 0 1 2 1 7 0 5 505 502 3.5 151 43 1432207200
48 14 0 1 0 1 0 3 0 14 503 501 4.7 154 44 1432207209
49 2 1 0 0 0 0 3 0 1 503 501 4.8 155 45 1432207217
50 3 1 0 0 0 0 3 0 2 503 501 5 156 47 1432207223
51 10 1 0 0 0 0 3 0 10 501 501 5.3 159 47 1432207232
52 2 1 0 0 0 0 3 0 1 501 500 5.3 160 48 1432207238
53 6 1 0 0 0 0 3 0 5 501 500 5 161 49 1432207245
54 5 0 1 0 1 0 3 0 5 500 499 5.3 162 51 1432207253
55 2 1 0 1 0 1 3 0 0 499 499 5.2 163 51 1432207258
56 3 1 0 1 0 1 4 0 2 498 499 5.3 165 52 1432207264
57 1 0 1 0 1 0 2 0 1 497 499 4.8 166 54 1432207269
58 2 1 0 0 1 1 3 0 2 496 498 3.6 168 53 1432207273
59 2 1 0 0 0 0 3 0 1 496 496 3.6 170 53 1432207285
60 2 1 0 0 0 0 3 0 2 494 496 3.5 173 54 1432207295
61 0 0 0 0 0 0 1 0 0 494 496 2.5 173 55 1432207302
62 3 0 1 1 1 1 4 0 3 492 494 2.6 176 56 1432207308
63 2 1 0 0 0 0 3 0 2 491 494 2.2 177 57 1432207320
64 2 1 0 0 0 0 3 0 1 491 494 1.9 178 57 1432207326
65 1 1 0 0 0 0 2 0 0 491 494 1 178 57 1432207332
66 1 1 0 0 0 0 2 0 0 491 494 1 178 59 1432207336
67 1 1 0 0 0 0 2 0 0 491 494 1 178 60 1432207343
68 3 1 0 0 0 0 3 0 3 490 493 1.5 180 61 1432207358
69 7 0 1 0 1 0 4 0 7 489 492 2.6 182 62 1432207367
70 2 0 1 0 1 0 3 0 2 488 492 2.5 184 64 1432207379
71 2 1 0 1 0 1 3 0 0 488 492 2.42857 184 63 1432207388
72 7 0 1 1 1 1 4 0 6 486 491 3 187 64 1432207400
73 16 1 0 0 0 0 3 0 16 485 491 4.44444 189 64 1432207410
74 1 1 0 0 0 0 2 0 0 484 491 4.1 190 64 1432207415
75 1 0 1 0 1 0 2 0 1 483 491 4.1 192 65 1432207420
76 1 1 0 0 0 0 2 0 0 482 491 4.1 193 65 1432207424
77 1 1 0 0 0 0 2 0 0 481 491 4.1 194 66 1432207429
78 3 1 0 0 0 0 3 0 3 479 489 4.1 197 66 1432207435
79 1 0 1 0 1 0 2 0 1 478 489 3.5 198 67 1432207442
80 2 1 0 1 0 1 3 0 0 478 488 3.5 198 67 1432207446
81 10 1 0 0 1 0 11 0 10 472 482 4.3 204 69 1432207457
82 2 0 1 0 1 0 3 0 2 471 481 3.8 206 72 1432207466
83 1 1 0 0 0 0 2 0 0 470 481 2.3 207 72 1432207471
84 4 0 1 1 2 1 5 0 4 467 478 2.6 211 74 1432207478
85 2 0 1 0 2 1 3 0 3 465 476 2.7 214 77 1432207482
86 3 0 1 0 2 1 4 0 4 461 474 2.9 218 79 1432207488
87 1 0 1 0 1 0 2 0 1 459 474 2.9 220 80 1432207492
88 2 0 1 0 2 1 3 0 2 458 474 2.8 221 81 1432207497
89 2 1 0 0 1 1 3 0 2 457 473 2.9 223 80 1432207502
90 1 0 1 0 1 0 2 0 2 454 473 2.8 226 81 1432207509
91 1 0 1 0 1 0 2 0 1 453 473 1.9 227 84 1432207514
92 3 0 1 0 2 1 4 0 4 449 470 2 232 85 1432207519
93 2 0 1 0 1 0 3 0 3 446 468 2.1 236 87 1432207527
94 3 1 0 0 0 0 3 0 3 444 467 2 238 88 1432207533
95 4 1 0 1 1 0 5 0 2 444 466 2.2 239 91 1432207538
96 1 0 1 0 1 0 2 0 1 443 466 2 240 93 1432207543
97 1 0 1 0 1 0 2 0 1 442 466 2 242 94 1432207547
98 4 0 1 1 2 0 5 0 3 439 463 2.2 245 96 1432207554
99 6 1 0 1 0 1 4 0 5 438 460 2.6 247 95 1432207562
100 1 1 0 0 0 0 2 0 0 438 460 2.6 247 95 1432207567
101 1 1 0 0 0 0 2 0 0 438 460 2.6 247 95 1432207573
102 1 1 0 0 0 0 2 0 0 438 460 2.4 247 95 1432207578
103 1 0 1 0 1 0 2 0 1 437 460 2.3 248 96 1432207582
104 3 1 0 1 1 1 4 0 2 435 459 2.3 250 98 1432207590
105 3 0 1 0 1 0 3 0 4 433 457 2.2 253 99 1432207596
106 2 1 0 1 0 1 3 0 0 433 457 2.3 253 98 1432207602
107 1 0 1 0 1 0 2 0 2 431 457 2.3 256 100 1432207613
108 1 1 0 0 0 0 2 0 0 430 457 2 257 100 1432207618
109 2 1 0 0 0 0 3 0 1 430 456 1.6 258 101 1432207623
110 4 1 0 0 0 0 4 0 4 428 453 1.9 261 103 1432207630
111 2 0 1 0 1 0 3 0 2 426 453 2 264 105 1432207635
112 0 0 0 0 0 0 1 0 1 425 452 1.9 266 105 1432207638
113 2 0 1 1 1 1 3 0 1 424 452 2 268 106 1432207644
114 8 0 1 2 3 1 8 0 6 420 448 2.5 273 105 1432207654
115 3 1 0 2 0 1 4 0 0 419 447 2.5 274 106 1432207659
116 3 1 0 1 0 1 4 0 1 419 445 2.6 274 105 1432207669
117 4 0 1 2 1 1 5 0 2 418 444 2.9 276 107 1432207677
118 7 1 0 1 4 0 8 0 5 414 441 3.5 280 105 1432207684
119 2 1 0 1 0 1 3 0 0 414 440 3.5 280 105 1432207689
120 0 0 0 0 0 0 1 0 0 414 440 3.1 280 105 1432207693
121 1 1 0 0 0 0 2 0 0 414 440 3 278 106 1432207702
122 1 0 1 0 1 0 2 0 1 413 440 3.1 279 107 1432207706
123 9 0 1 5 2 1 10 0 5 409 435 3.8 284 107 1432207715
124 2 1 0 1 0 1 3 0 0 409 435 3.2 284 107 1432207723
125 3 1 0 1 0 1 4 0 1 409 435 3.2 285 108 1432207730
126 3 0 1 1 2 1 4 0 3 407 433 3.2 289 108 1432207736
127 1 1 0 0 0 0 2 0 0 407 433 2.9 289 109 1432207741
128 3 0 1 1 1 1 4 0 2 405 432 2.5 292 110 1432207746
129 1 1 0 0 0 0 2 0 0 405 432 2.4 292 111 1432207751
130 2 1 0 0 0 0 3 0 1 404 431 2.6 294 112 1432207756
131 2 1 0 0 1 1 3 0 2 403 429 2.7 296 113 1432207762
132 1 1 0 0 0 0 2 0 0 403 429 2.7 296 113 1432207766
133 2 1 0 0 0 0 3 0 1 403 429 2 296 114 1432207771
134 2 0 1 1 1 1 3 0 1 402 429 2 297 116 1432207777
135 2 1 0 0 0 0 3 0 1 402 429 1.9 298 117 1432207782
136 1 0 1 0 1 0 2 0 1 401 429 1.7 298 117 1432207791
137 1 1 0 0 0 0 2 0 0 401 429 1.7 298 118 1432207796
138 1 1 0 0 0 0 2 0 0 401 429 1.5 297 120 1432207805
139 1 1 0 0 0 0 2 0 0 401 429 1 297 120 1432207810
140 1 1 0 0 0 0 2 0 0 401 429 1 297 120 1432207814
141 3 1 0 1 0 1 4 0 2 400 429 1.66667 298 120 1432207820
142 1 1 0 0 0 0 2 0 0 400 429 1.5 299 120 1432207824
143 1 1 0 0 0 0 2 0 0 400 429 1.4 299 120 1432207829
144 2 1 0 1 0 1 3 0 0 400 429 1.5 299 120 1432207834
145 1 1 0 0 0 0 2 0 0 400 429 1.42857 299 122 1432207839
146 3 1 0 0 0 0 4 0 3 399 427 1.625 301 124 1432207845
147 2 0 1 1 1 1 3 0 1 398 427 1.66667 301 126 1432207850
148 2 0 1 1 1 1 3 0 1 397 426 1.7 302 126 1432207855
149 1 1 0 0 0 0 2 0 0 397 426 1.7 302 128 1432207860
150 2 1 0 0 0 0 3 0 1 397 425 1.8 303 129 1432207865
151 2 1 0 1 0 1 3 0 0 397 424 1.7 303 129 1432207870
152 3 1 0 0 1 1 4 0 2 396 424 1.9 305 130 1432207875
153 2 0 1 1 1 1 3 0 1 395 424 2 305 132 1432207881
154 4 1 0 2 1 1 5 0 2 394 422 2.2 307 132 1432207886
155 5 0 1 1 1 1 6 0 5 392 421 2.6 310 134 1432207892
156 1 0 1 0 1 0 2 0 1 391 421 2.4 311 136 1432207897
157 1 0 0 0 0 0 2 0 2 390 420 2.3 312 138 1432207901
158 2 1 0 1 0 1 3 0 0 390 419 2.3 312 137 1432207911
159 1 1 0 0 0 0 2 0 0 390 419 2.3 312 138 1432207915
160 3 1 0 0 0 0 3 0 3 389 418 2.4 314 139 1432207921
161 2 0 1 1 1 1 3 0 1 388 418 2.4 315 139 1432207925
162 1 1 0 0 0 0 2 0 0 387 418 2.2 316 139 1432207930
163 2 1 0 1 0 1 3 0 0 387 418 2.2 315 139 1432207935
164 2 0 1 1 1 1 3 0 1 386 418 2 316 140 1432207940
165 1 0 1 0 1 0 2 0 1 385 418 1.6 317 141 1432207944
166 1 1 0 0 0 0 2 0 0 385 418 1.6 317 142 1432207949
167 2 1 0 0 1 1 3 0 2 384 416 1.7 319 142 1432207957
168 1 1 0 0 0 0 2 0 0 384 416 1.6 319 142 1432207961
169 1 1 0 0 0 0 2 0 0 384 416 1.6 319 142 1432207966
170 1 0 1 0 1 0 2 0 1 383 416 1.4 320 144 1432207970
171 1 0 1 0 1 0 2 0 1 382 416 1.3 321 145 1432207975
172 1 1 0 0 0 0 2 0 0 381 416 1.3 322 145 1432207979
173 6 0 1 0 1 0 3 0 7 378 415 1.7 326 146 1432207986
174 1 1 0 0 0 0 2 0 0 377 415 1.6 327 146 1432207990
175 2 1 0 0 1 1 3 0 2 376 414 1.7 328 147 1432207995
176 2 0 1 0 1 0 3 0 2 375 413 1.8 331 148 1432208000
177 1 0 1 0 1 0 2 0 1 375 413 1.7 332 150 1432208005
178 2 1 0 1 0 1 3 0 0 375 413 1.8 331 151 1432208013
179 2 1 0 0 0 0 3 0 1 375 413 1.9 332 152 1432208018
180 2 1 0 0 1 1 3 0 2 374 411 2 334 152 1432208023
181 1 1 0 0 0 0 2 0 0 374 411 2 334 152 1432208028
182 3 0 1 0 2 1 4 0 3 372 411 2.2 336 154 1432208033
183 1 1 0 0 0 0 2 0 0 372 411 1.7 336 156 1432208038
184 2 1 0 1 0 1 3 0 0 372 410 1.8 336 155 1432208043
185 2 1 0 0 1 1 3 0 2 371 410 1.8 338 154 1432208049
186 1 0 1 0 1 0 2 0 1 369 410 1.7 340 155 1432208053
187 3 1 0 0 1 1 4 0 2 368 409 1.9 342 155 1432208059
188 2 1 0 1 0 1 3 0 0 368 408 1.9 342 156 1432208064
189 2 0 1 1 1 1 3 0 1 367 408 1.9 343 157 1432208069
190 1 1 0 0 0 0 2 0 1 366 407 1.8 344 158 1432208076
191 1 1 0 0 0 0 2 0 0 366 407 1.8 344 158 1432208081
192 1 0 1 0 1 0 2 0 1 364 407 1.6 346 159 1432208086
193 1 1 0 0 0 0 2 0 0 364 407 1.6 346 160 1432208091
194 1 0 1 0 1 0 2 0 1 363 407 1.5 347 161 1432208096
195 1 1 0 0 0 0 2 0 0 363 407 1.4 347 162 1432208100
196 1 1 0 0 0 0 2 0 0 363 407 1.4 347 162 1432208105
197 3 1 0 0 2 1 4 0 3 361 407 1.4 350 161 1432208111
198 2 1 0 1 0 1 3 0 0 361 406 1.4 350 161 1432208116
199 2 1 0 1 0 1 3 0 0 361 405 1.4 350 161 1432208122
200 3 1 0 2 0 1 4 0 0 360 405 1.6 351 161 1432208127
201 1 0 1 0 1 0 2 0 1 359 405 1.6 352 163 1432208131
202 1 1 0 0 0 0 2 0 0 359 405 1.6 352 164 1432208136
203 1 1 0 0 0 0 2 0 0 359 405 1.6 352 164 1432208141
204 1 1 0 0 0 0 2 0 0 359 405 1.6 352 164 1432208146
205 1 1 0 0 0 0 2 0 0 359 405 1.6 352 165 1432208150
206 3 0 1 1 1 1 4 0 2 358 405 1.8 354 165 1432208156
207 1 1 0 0 0 0 2 0 0 358 405 1.6 354 165 1432208161
208 1 0 1 0 1 0 2 0 1 357 405 1.5 355 166 1432208165
209 3 1 0 1 0 1 4 0 1 357 405 1.6 356 165 1432208172
210 3 1 0 2 0 1 4 0 0 357 404 1.6 356 165 1432208177
211 2 1 0 1 0 1 3 0 0 357 404 1.7 356 165 1432208182
212 1 1 0 0 0 0 2 0 0 357 404 1.7 356 165 1432208187
213 1 0 1 0 1 0 2 0 1 356 404 1.7 357 167 1432208191
214 2 1 0 0 0 0 3 0 1 355 404 1.8 359 167 1432208197
215 4 1 0 1 0 1 5 0 3 353 403 2.1 362 168 1432208203
216 2 1 0 1 0 1 3 0 0 353 403 2 361 168 1432208209
217 2 1 0 1 0 1 3 0 0 353 402 2.1 361 168 1432208217
218 1 1 0 0 0 0 2 0 0 353 402 2.1 361 169 1432208222
219 1 1 0 0 0 0 2 0 0 353 402 1.9 361 171 1432208227
220 6 0 0 0 0 0 2 0 6 353 402 2.2 362 171 1432208233
221 1 1 0 0 0 0 2 0 0 353 402 2.1 362 171 1432208237
222 0 0 0 0 0 0 1 0 0 353 402 2 362 172 1432208240
223 1 0 1 0 1 0 2 0 1 351 402 2 364 172 1432208245
224 3 1 0 1 1 1 4 0 1 350 401 2.1 365 171 1432208250
225 1 1 0 0 0 0 2 0 0 350 401 1.8 365 171 1432208255
226 1 1 0 0 0 0 2 0 0 350 401 1.7 366 171 1432208259
227 1 1 0 0 0 0 2 0 0 350 401 1.6 366 172 1432208264
228 3 1 0 0 0 0 3 0 2 350 401 1.8 367 173 1432208270
229 1 0 1 0 1 0 2 0 2 348 400 1.8 370 173 1432208274
230 2 0 1 0 1 0 3 0 2 347 399 1.4 372 174 1432208280
231 5 1 0 1 0 1 5 0 3 346 399 1.8 373 175 1432208286
232 2 0 1 1 1 1 3 0 1 345 398 2 374 176 1432208291
233 1 0 1 0 1 0 2 0 2 343 397 2 377 177 1432208296
234 2 1 0 1 0 1 3 0 0 343 397 1.9 377 177 1432208301
235 6 1 0 4 0 1 7 0 1 343 394 2.4 378 176 1432208308
236 2 0 1 1 1 1 3 0 1 342 393 2.5 379 177 1432208314
237 2 1 0 0 0 0 3 0 2 341 393 2.6 381 178 1432208319
238 1 1 0 0 0 0 2 0 0 341 393 2.4 381 179 1432208324
239 1 1 0 0 0 0 2 0 0 341 393 2.4 381 180 1432208329
240 2 1 0 0 0 0 3 0 1 341 393 2.4 381 180 1432208335
241 1 0 1 0 1 0 2 0 1 340 393 2 382 180 1432208340
242 2 1 0 0 1 1 3 0 2 339 392 2 384 181 1432208345
243 1 1 0 0 0 0 2 0 0 339 392 2 384 181 1432208352
244 2 0 1 0 1 0 3 0 2 338 392 2 386 182 1432208357
245 1 1 0 0 0 0 2 0 0 338 392 1.5 386 182 1432208361
246 1 0 1 0 1 0 2 0 2 335 391 1.4 390 183 1432208365
247 1 0 0 0 0 0 2 0 1 335 391 1.3 391 183 1432208370
248 2 1 0 0 0 0 3 0 1 335 391 1.4 392 185 1432208375
249 1 1 0 0 0 0 2 0 0 335 391 1.4 392 186 1432208380
250 2 1 0 0 0 0 3 0 1 335 390 1.4 393 187 1432208385
251 2 1 0 1 0 1 3 0 0 335 390 1.5 393 186 1432208390
252 2 1 0 0 1 1 3 0 1 335 390 1.5 394 186 1432208395
253 1 1 0 0 0 0 2 0 0 335 390 1.5 394 187 1432208400
254 1 0 1 0 1 0 2 0 1 334 390 1.4 395 188 1432208404
255 2 1 0 1 0 1 3 0 0 334 390 1.5 395 188 1432208410
256 1 1 0 0 0 0 2 0 0 334 390 1.5 396 188 1432208414
257 2 0 1 1 1 1 3 0 1 333 390 1.6 397 190 1432208419
258 0 0 0 0 0 0 1 0 0 333 390 1.4 397 190 1432208422
259 1 1 0 0 0 0 2 0 0 332 390 1.4 398 191 1432208426
260 3 1 0 0 0 0 3 0 2 332 390 1.5 398 192 1432208432
261 1 0 1 0 1 0 2 0 1 331 390 1.4 399 194 1432208436
262 3 1 0 1 1 1 4 0 1 330 389 1.5 400 194 1432208442
263 1 0 1 0 1 0 2 0 1 329 389 1.5 401 196 1432208446
264 1 1 0 0 0 0 2 0 0 329 389 1.5 401 197 1432208451
265 5 0 1 0 1 0 3 0 5 328 388 1.8 403 199 1432208458
266 1 1 0 0 0 0 2 0 1 327 387 1.8 405 200 1432208464
267 1 1 0 0 0 0 2 0 0 327 387 1.7 405 201 1432208469
268 2 1 0 1 0 1 3 0 0 327 387 1.9 405 201 1432208475
269 1 1 0 0 0 0 2 0 1 326 387 1.9 407 201 1432208480
270 1 1 0 0 0 0 2 0 0 325 387 1.7 408 202 1432208485
271 1 1 0 0 0 0 2 0 0 325 387 1.7 408 202 1432208489
272 1 1 0 0 0 0 2 0 0 325 387 1.5 408 202 1432208494
273 1 1 0 0 0 0 2 0 0 325 387 1.5 408 203 1432208499
274 2 1 0 0 1 1 3 0 2 324 387 1.6 410 203 1432208504
275 1 1 0 0 0 0 2 0 0 324 387 1.2 410 204 1432208510
276 1 0 1 0 1 0 2 0 1 323 387 1 411 204 1432208516
277 2 1 0 0 0 0 3 0 1 323 386 1.5 412 204 1432208521
278 0 0 0 0 0 0 1 0 0 323 386 1 412 204 1432208524
279 1 1 0 0 0 0 2 0 0 323 386 1 412 205 1432208529
280 2 1 0 1 0 1 3 0 0 323 386 1.2 412 204 1432208534
281 1 1 0 0 0 0 2 0 0 322 386 1.16667 413 205 1432208539
282 2 0 1 1 1 1 3 0 1 321 386 1.28571 414 207 1432208545
283 3 1 0 2 0 1 4 0 0 321 385 1.5 414 206 1432208551
284 1 1 0 0 0 0 2 0 0 321 385 1.44444 414 207 1432208555
285 2 0 1 1 1 1 3 0 1 320 385 1.5 415 207 1432208561
286 3 0 1 1 1 1 4 0 3 318 384 1.7 418 208 1432208567
287 2 1 0 1 0 1 3 0 0 318 383 1.7 418 207 1432208572
288 2 1 0 0 1 1 3 0 1 318 383 1.9 419 207 1432208578
289 2 1 0 1 0 1 3 0 0 318 383 2 419 206 1432208583
290 1 1 0 0 0 0 2 0 0 318 383 1.9 420 207 1432208588
291 0 0 0 0 0 0 1 0 0 318 383 1.8 420 207 1432208591
292 1 1 0 0 0 0 2 0 0 318 383 1.7 420 207 1432208595
293 3 1 0 2 0 1 4 0 0 318 381 1.7 420 205 1432208601
294 3 1 0 1 0 1 4 0 1 318 380 1.9 421 205 1432208607
295 2 1 0 1 0 1 3 0 0 318 380 1.9 421 204 1432208613
296 1 1 0 0 0 0 2 0 0 318 380 1.7 422 205 1432208617
297 2 1 0 1 0 1 3 0 0 318 379 1.7 422 204 1432208622
298 1 1 0 0 0 0 2 0 0 318 379 1.6 422 205 1432208627
299 2 1 0 0 0 0 3 0 2 317 379 1.6 423 206 1432208632
300 1 1 0 0 0 0 2 0 0 317 379 1.6 423 206 1432208637
301 1 1 0 0 0 0 2 0 0 317 379 1.7 424 206 1432208642
302 1 1 0 0 0 0 2 0 0 317 379 1.7 424 207 1432208646
303 1 1 0 0 0 0 2 0 0 317 379 1.5 424 207 1432208651
304 2 1 0 1 0 1 3 0 0 317 379 1.4 424 207 1432208656
305 1 1 0 0 0 0 2 0 0 317 379 1.3 424 208 1432208661
306 1 1 0 0 0 0 2 0 0 317 378 1.3 425 208 1432208665
307 1 0 1 0 1 0 2 0 1 316 378 1.2 426 209 1432208670
308 1 1 0 0 0 0 2 0 0 316 378 1.2 426 210 1432208675
309 2 1 0 0 0 0 3 0 2 315 377 1.2 427 211 1432208680
310 1 1 0 0 0 0 2 0 0 315 377 1.2 427 211 1432208685
311 1 1 0 0 0 0 2 0 0 315 377 1.2 427 212 1432208692
312 2 1 0 0 1 1 3 0 2 314 376 1.3 429 212 1432208697
313 1 1 0 0 0 0 2 0 0 313 376 1.3 431 212 1432208702
314 2 1 0 1 0 1 3 0 0 313 375 1.3 431 212 1432208707
315 2 1 0 1 0 1 3 0 0 313 375 1.4 431 212 1432208713
316 1 1 0 0 0 0 2 0 0 313 375 1.4 431 212 1432208718
317 2 1 0 1 0 1 3 0 0 313 374 1.5 431 211 1432208723
318 2 1 0 0 0 0 3 0 2 312 372 1.6 433 213 1432208731
319 1 1 0 0 0 0 2 0 0 312 372 1.5 433 214 1432208735
320 4 1 0 3 0 1 5 0 0 312 371 1.8 432 212 1432208741
321 1 0 1 0 1 0 2 0 2 310 370 1.8 435 213 1432208746
322 2 1 0 1 0 1 3 0 0 310 370 1.8 435 212 1432208751
323 2 1 0 0 0 0 3 0 1 310 370 1.9 436 213 1432208758
324 2 0 1 1 1 1 3 0 1 309 370 1.9 437 214 1432208764
325 1 1 0 0 0 0 2 0 0 309 370 1.8 437 215 1432208768
326 1 1 0 0 0 0 2 0 0 309 370 1.8 437 216 1432208777
327 2 1 0 0 0 0 3 0 1 308 370 1.8 439 216 1432208782
328 1 0 1 0 1 0 2 0 1 307 370 1.7 440 218 1432208787
329 2 1 0 0 0 0 3 0 1 307 369 1.8 441 219 1432208792
330 0 0 0 0 0 0 1 0 1 306 368 1.4 443 219 1432208796
331 1 1 0 0 0 0 2 0 0 306 368 1.4 442 219 1432208803
332 1 1 0 0 0 0 2 0 0 306 368 1.3 442 220 1432208807
333 3 1 0 2 0 1 4 0 0 306 368 1.4 441 220 1432208813
334 0 0 0 0 0 0 1 0 0 306 368 1.2 441 220 1432208816
335 1 0 1 0 1 0 2 0 1 305 368 1.2 441 221 1432208823
336 5 1 0 0 0 0 3 0 4 305 368 1.6 441 222 1432208829
337 1 1 0 0 0 0 2 0 0 305 368 1.5 441 222 1432208834
338 1 0 1 0 1 0 2 0 1 304 368 1.5 442 224 1432208839
339 3 0 1 1 1 1 4 0 2 303 368 1.6 443 224 1432208845
340 2 1 0 0 0 0 3 0 1 303 368 1.8 443 225 1432208850
341 2 1 0 0 1 1 3 0 1 303 368 1.9 443 225 1432208855
342 1 1 0 0 0 0 2 0 0 303 368 1.9 443 225 1432208862
343 1 1 0 0 0 0 2 0 0 303 368 1.7 443 225 1432208866
344 2 1 0 1 0 1 3 0 0 303 368 1.9 442 224 1432208874
345 1 1 0 0 0 0 2 0 0 303 368 1.9 442 224 1432208879
346 4 0 1 2 1 1 5 0 2 303 367 1.8 443 224 1432208885
347 1 0 1 0 1 0 2 0 1 302 367 1.8 444 224 1432208890
348 3 1 0 1 0 1 4 0 1 302 367 2 445 224 1432208896
349 1 1 0 0 0 0 2 0 0 302 367 1.8 445 224 1432208901
350 1 1 0 0 0 0 2 0 0 302 367 1.7 445 224 1432208905
351 1 1 0 0 0 0 2 0 0 302 367 1.6 445 224 1432208910
352 1 1 0 0 0 0 2 0 0 302 367 1.6 445 224 1432208916
353 2 1 0 0 0 0 3 0 1 302 367 1.7 446 224 1432208922
354 1 1 0 0 0 0 2 0 0 302 367 1.6 446 225 1432208927
355 2 1 0 1 0 1 3 0 0 302 367 1.7 446 225 1432208932
356 1 1 0 0 0 0 2 0 0 302 367 1.4 447 226 1432208936
357 2 0 1 1 1 1 3 0 1 301 367 1.5 448 227 1432208941
358 1 1 0 0 0 0 2 0 0 300 367 1.3 449 227 1432208945
359 1 1 0 0 0 0 2 0 0 300 367 1.3 449 227 1432208950
360 1 1 0 0 0 0 2 0 0 300 367 1.3 449 227 1432208955
361 1 1 0 0 0 0 2 0 0 300 367 1.3 449 227 1432208959
362 1 0 1 0 1 0 2 0 1 299 367 1.3 450 228 1432208967
363 2 1 0 1 0 1 3 0 0 299 367 1.3 450 228 1432208972
364 1 1 0 0 0 0 2 0 0 299 367 1.3 450 228 1432208977
365 2 1 0 1 0 1 3 0 0 299 367 1.3 450 228 1432208982
366 1 1 0 0 0 0 2 0 0 298 367 1.3 451 228 1432208986
367 2 1 0 1 0 1 3 0 0 298 367 1.3 450 227 1432208992
368 2 0 1 0 1 0 3 0 2 297 367 1.4 452 229 1432208999
369 3 1 0 1 1 1 4 0 2 296 367 1.6 454 228 1432209004
370 2 1 0 1 0 1 3 0 0 296 367 1.7 453 228 1432209010
371 1 0 1 0 1 0 2 0 1 295 367 1.7 454 228 1432209014
372 5 1 0 2 1 1 6 0 2 295 366 2.1 456 226 1432209022
373 3 0 1 1 1 1 4 0 2 294 366 2.2 457 227 1432209029
374 3 1 0 1 0 1 4 0 2 293 366 2.4 458 228 1432209035
375 2 1 0 0 1 1 3 0 2 292 366 2.4 459 229 1432209042
376 3 1 0 2 0 1 4 0 0 292 366 2.6 459 228 1432209047
377 1 1 0 0 0 0 2 0 0 292 366 2.5 459 229 1432209051
378 1 1 0 0 0 0 2 0 0 292 366 2.4 459 230 1432209056
379 2 1 0 1 0 1 3 0 0 292 366 2.3 460 231 1432209061
380 2 1 0 1 0 1 3 0 0 292 366 2.3 459 232 1432209066
381 3 1 0 1 1 1 4 0 1 291 364 2.5 460 231 1432209071
382 2 1 0 0 0 0 3 0 1 291 363 2.2 461 232 1432209077
383 3 1 0 0 0 0 3 0 3 290 363 2.2 462 233 1432209083
384 1 1 0 0 0 0 2 0 0 290 363 2 462 233 1432209087
385 3 1 0 1 1 1 4 0 2 289 362 2.1 464 231 1432209092
386 1 0 1 0 1 0 2 0 1 288 362 1.9 465 231 1432209099
387 1 1 0 0 0 0 2 0 0 288 362 1.9 465 231 1432209103
388 3 1 0 1 0 1 4 0 1 288 362 2.1 465 231 1432209110
389 1 1 0 0 0 0 2 0 0 288 362 2 465 232 1432209114
390 1 1 0 0 0 0 2 0 0 288 362 1.9 465 233 1432209118
391 1 1 0 0 0 0 2 0 0 288 362 1.7 465 234 1432209125
392 1 0 1 0 1 0 2 0 1 287 362 1.6 467 234 1432209130
393 1 1 0 0 0 0 2 0 0 287 362 1.4 467 234 1432209134
394 1 1 0 0 0 0 2 0 0 287 362 1.4 467 234 1432209139
395 1 1 0 0 0 0 2 0 0 286 362 1.2 468 234 1432209144
396 2 1 0 0 1 1 3 0 1 286 362 1.3 468 234 1432209149
397 1 1 0 0 0 0 2 0 0 286 362 1.3 468 234 1432209154
398 2 1 0 1 0 1 3 0 0 286 362 1.2 467 234 1432209162
399 2 0 1 1 1 1 3 0 1 285 362 1.3 467 236 1432209167
400 2 1 0 1 0 1 3 0 0 285 362 1.4 467 235 1432209172
401 1 1 0 0 0 0 2 0 0 285 362 1.4 467 236 1432209177
402 1 1 0 0 0 0 2 0 0 285 362 1.4 468 236 1432209181
403 2 1 0 1 0 1 3 0 0 285 361 1.5 468 237 1432209186
404 1 0 1 0 1 0 2 0 1 284 361 1.5 469 239 1432209191
405 1 1 0 0 0 0 2 0 0 284 361 1.5 469 239 1432209196
406 1 1 0 0 0 0 2 0 0 284 361 1.4 469 239 1432209201
407 1 1 0 0 0 0 2 0 0 284 361 1.4 469 239 1432209206
408 1 1 0 0 0 0 2 0 0 284 361 1.3 469 239 1432209210
409 1 1 0 0 0 0 2 0 0 284 361 1.2 469 239 1432209216
410 2 1 0 1 0 1 3 0 0 284 361 1.2 469 238 1432209222
411 2 1 0 0 1 1 3 0 2 283 359 1.3 471 238 1432209227
412 1 1 0 0 0 0 2 0 0 283 359 1.3 471 239 1432209231
413 1 1 0 0 0 0 2 0 0 282 359 1.2 472 239 1432209236
414 1 1 0 0 0 0 2 0 0 282 359 1.2 472 240 1432209241
415 3 1 0 1 0 1 4 0 1 282 358 1.4 473 240 1432209246
416 1 1 0 0 0 0 2 0 0 282 358 1.4 473 240 1432209251
417 2 1 0 1 0 1 3 0 0 282 358 1.5 473 241 1432209256
418 2 1 0 0 0 0 3 0 1 282 358 1.6 474 242 1432209262
419 1 1 0 0 0 0 2 0 0 282 358 1.6 474 243 1432209267
420 2 1 0 0 0 0 3 0 2 281 357 1.6 476 243 1432209272
421 1 1 0 0 0 0 2 0 0 281 357 1.5 476 243 1432209277
422 2 1 0 0 0 0 3 0 1 281 357 1.6 477 243 1432209282
423 1 1 0 0 0 0 2 0 0 281 357 1.6 477 243 1432209287
424 3 1 0 1 1 1 4 0 1 280 357 1.8 477 244 1432209293
425 0 0 0 0 0 0 1 0 0 280 357 1.5 477 244 1432209296
426 2 1 0 1 0 1 3 0 0 280 356 1.6 477 243 1432209301
427 1 1 0 0 0 0 2 0 0 280 356 1.5 477 243 1432209306
428 1 0 1 0 1 0 2 0 1 279 356 1.4 478 244 1432209311
429 1 1 0 0 0 0 2 0 0 279 356 1.4 478 244 1432209315
430 1 1 0 0 0 0 2 0 0 279 356 1.3 479 245 1432209319
431 1 1 0 0 0 0 2 0 0 279 356 1.3 479 246 1432209323
432 0 0 0 0 0 0 1 0 0 279 356 1.1 479 246 1432209329
433 1 1 0 0 0 0 2 0 0 279 356 1 479 246 1432209334
434 1 1 0 0 0 0 2 0 0 279 356 1 479 247 1432209339
435 2 1 0 1 0 1 3 0 0 279 355 1.33333 479 246 1432209344
436 0 0 0 0 0 0 1 0 0 279 355 1 479 246 1432209348
437 2 1 0 1 0 1 3 0 0 279 355 1.2 479 245 1432209353
438 1 1 0 0 0 0 2 0 0 279 355 1.16667 479 245 1432209359
439 1 1 0 0 0 0 2 0 0 279 355 1.14286 479 246 1432209364
440 1 1 0 0 0 0 2 0 0 279 355 1.125 479 247 1432209369
441 1 1 0 0 0 0 2 0 0 279 355 1.11111 479 247 1432209373
442 1 1 0 0 0 0 2 0 0 279 355 1.1 479 248 1432209377
443 1 1 0 0 0 0 2 0 0 279 355 1 479 248 1432209383
444 3 1 0 0 0 0 4 0 3 278 355 2 480 250 1432209389
445 2 1 0 0 1 1 3 0 2 277 355 2 482 250 1432209394
446 2 1 0 1 0 1 3 0 0 277 355 2 481 250 1432209399
447 1 1 0 0 0 0 2 0 0 277 355 1.8 481 251 1432209405
448 1 1 0 0 0 0 2 0 1 276 355 1.66667 482 253 1432209411
449 1 1 0 0 0 0 2 0 0 276 355 1.57143 482 253 1432209415
450 2 1 0 1 0 1 3 0 0 275 354 1.625 483 253 1432209420
451 2 0 1 0 2 1 3 0 3 273 354 1.66667 486 254 1432209425
452 1 1 0 0 0 0 2 0 0 273 354 1.6 486 254 1432209430
453 2 1 0 1 0 1 3 0 0 273 354 1.7 486 254 1432209435
454 2 0 1 0 2 1 3 0 3 271 353 1.6 489 255 1432209442
455 1 1 0 0 0 0 2 0 0 271 353 1.5 490 255 1432209447
456 0 0 0 0 0 0 1 0 0 271 353 1.3 490 256 1432209450
457 1 0 1 0 1 0 2 0 1 270 353 1.3 491 257 1432209457
458 1 1 0 0 0 0 2 0 0 270 353 1.3 491 257 1432209462
459 1 1 0 0 0 0 2 0 0 270 353 1.3 492 258 1432209466
460 1 1 0 0 0 0 2 0 0 270 353 1.2 492 258 1432209470
461 2 1 0 0 1 1 3 0 2 269 351 1.2 494 257 1432209475
462 2 1 0 1 0 1 3 0 0 269 351 1.3 494 256 1432209480
463 1 1 0 0 0 0 2 0 0 269 351 1.2 494 258 1432209485
464 2 1 0 1 0 1 3 0 0 269 351 1.2 494 257 1432209490
465 2 1 0 1 0 1 3 0 0 269 351 1.3 494 257 1432209495
466 1 1 0 0 0 0 2 0 0 269 351 1.4 494 258 1432209500
467 1 1 0 0 0 0 2 0 0 269 351 1.4 494 258 1432209505
468 1 1 0 0 0 0 2 0 0 269 351 1.4 494 258 1432209510
469 2 1 0 1 0 1 3 0 0 269 351 1.5 493 258 1432209515
470 4 1 0 2 1 1 5 0 2 268 350 1.8 494 256 1432209521
471 1 1 0 0 0 0 2 0 0 268 350 1.7 494 257 1432209525
472 3 1 0 2 0 1 4 0 0 268 349 1.8 493 256 1432209531
473 2 1 0 1 0 1 3 0 0 268 349 1.9 492 256 1432209536
474 2 1 0 1 0 1 3 0 0 268 349 1.9 492 255 1432209541
475 1 1 0 0 0 0 2 0 0 268 349 1.8 492 255 1432209546
476 1 1 0 0 0 0 2 0 0 268 349 1.8 492 256 1432209552
477 2 1 0 0 1 1 3 0 2 267 349 1.9 494 257 1432209557
478 1 1 0 0 0 0 2 0 0 267 349 1.9 494 257 1432209562
479 1 1 0 0 0 0 2 0 0 267 349 1.8 494 257 1432209566
480 1 1 0 0 0 0 2 0 0 267 349 1.5 494 257 1432209571
481 2 0 1 1 1 1 3 0 1 266 348 1.6 495 257 1432209577
482 1 1 0 0 0 0 2 0 0 266 348 1.4 495 258 1432209582
483 1 1 0 0 0 0 2 0 0 266 348 1.3 495 259 1432209589
484 1 1 0 0 0 0 2 0 0 266 348 1.2 495 259 1432209594
485 1 1 0 0 0 0 2 0 0 266 348 1.2 495 259 1432209599
486 1 1 0 0 0 0 2 0 0 266 348 1.2 495 259 1432209603
487 2 1 0 1 0 1 3 0 0 266 348 1.2 495 258 1432209608
488 2 1 0 1 0 1 3 0 0 266 347 1.3 495 257 1432209614
489 1 1 0 0 0 0 2 0 0 266 347 1.3 496 257 1432209618
490 1 1 0 0 0 0 2 0 0 266 347 1.3 497 257 1432209624
491 2 0 1 0 1 0 3 0 3 264 345 1.3 500 258 1432209630
492 2 1 0 0 1 1 3 0 1 264 345 1.4 501 258 1432209635
493 1 1 0 0 0 0 2 0 0 264 345 1.4 501 258 1432209642
494 2 1 0 0 0 0 3 0 2 263 345 1.5 503 258 1432209648
495 2 0 1 1 1 1 3 0 1 262 345 1.6 504 260 1432209653
496 0 0 0 0 0 0 1 0 0 262 345 1.5 504 260 1432209657
497 1 1 0 0 0 0 2 0 0 262 345 1.4 504 260 1432209661
498 1 1 0 0 0 0 2 0 0 262 345 1.3 504 260 1432209665
499 1 1 0 0 0 0 2 0 0 262 345 1.3 504 260 1432209670
500 1 1 0 0 0 0 2 0 0 262 345 1.3 504 260 1432209677
501 1 1 0 0 0 0 2 0 0 262 345 1.2 504 261 1432209681
502 1 1 0 0 0 0 2 0 0 262 345 1.1 504 261 1432209686
