retX retY motX motY time
159.95 123.611 0 0 1432206850
82.1692 69.3538 -45.9802 12.9467 1432206850
146 61 -17.9814 17.7606 1432206850
82.5115 93.5649 -45.9814 47.4274 1432206850
82.5 93.7121 -45.9812 6.66884 1432206850
82.5333 94.1481 -45.9805 6.63657 1432206850
82.5693 94.8394 -45.9757 6.56387 1432206850
82.6867 96.72 -45.9399 6.363 1432206850
110.405 124.727 -21.9813 -0.144065 1432206850
90.4866 89.6005 -42.9809 33.3564 1432206850
90.4805 89.5262 -38.9801 7.70237 1432206850
90.5148 89.3387 -38.9719 7.72393 1432206850
90.7004 88.8778 -38.9121 7.78015 1432206850
180.166 79.0671 9.01852 9.80517 1432206850
180.128 77.9334 9.01779 9.99186 1432206850
128.456 62.4979 -13.9814 16.6801 1432206850
128.443 62.6603 -13.9815 16.6659 1432206850
127.221 62.8207 -13.982 16.634 1432206850
127.373 63.2041 -13.9855 16.5578 1432206850
125.962 64.167 -14.007 16.3758 1432206850
114.37 71.4846 -18.9813 12.7629 1432206850
114.347 71.0613 -18.9808 12.8817 1432206850
146.79 85.9292 -28.9805 47.3934 1432206850
146.801 85.8415 -4.98254 8.74415 1432206850
146.751 85.3218 -4.99006 8.83289 1432206850
146.504 84.1355 -5.0347 9.03283 1432206850
86.945 64.7615 -41.853 16.5296 1432206850
161.375 120.149 0 0 1432206865
110.469 118.519 -22.6929 0.00344247 1432206865
164.82 64.0693 -11.6915 39.3784 1432206865
165.464 63.6515 1.30616 14.8808 1432206865
167.707 62.8153 1.30262 15.1303 1432206865
137.891 109.063 8.30587 39.4154 1432206865
128.985 124.832 -13.6784 -1.10995 1432206865
129.503 123.286 -13.6172 -0.914277 1432206865
140.121 112.686 -8.70881 1.43294 1432206865
83.6607 83.6741 -45.6873 7.13056 1432206865
173.922 73.278 12.3062 35.4549 1432206865
165.041 112.468 0 0 1432206875
133.538 120.283 -13.5219 -1.99109 1432206875
126.136 125.835 -13.522 41.524 1432206875
168.598 122.906 0 0 1432206880
122.394 75.2482 -18.4457 11.4414 1432206880
168.633 124.824 0 0 1432206887
113.313 123.212 -22.7134 0.023988 1432206887
85.9706 112.368 -46.5901 2.86722 1432206887
85.9579 111.015 -46.5891 3.04733 1432206887
168.086 61.8793 -3.59022 45.4165 1432206887
156.124 123.45 0 0 1432206896
113.207 72.8605 -18.4521 11.9707 1432206896
165.715 65.4503 6.54654 48.3812 1432206896
160.793 115.267 0 0 1432206903
115.809 66.1822 -18.451 13.0667 1432206903
178.625 92.6397 8.54791 46.4911 1432206903
178.758 110.129 7.50138 1.06627 1432206903
102.181 87.0639 -29.4104 6.4801 1432206903
169.959 124.323 0 0 1432206910
167.371 68.6087 -8.53788e-07 13.2048 1432206910
160.167 119.727 -37.9864 35.5883 1432206910
163.325 125.866 0 0 1432206916
161.851 113.697 0 0 1432206927
177.494 106.66 7.02913 0.973865 1432206927
137.949 66.3189 -10.4738 18.0704 1432206927
156.929 100.257 -1.4631 3.21918 1432206927
158.01 123.254 0 0 1432206934
144.801 82.134 -10.0002 28.2843 1432206934
166.014 115.898 0 0 1432206941
133.441 123.656 -13.5664 -2.04882 1432206941
203.45 61.05 8.42901 16.2678 1432206941
170.468 109.734 0 0 1432206948
186.639 105.498 7.02902 0.964412 1432206948
97.3182 105.283 -37.4274 0.967034 1432206948
113.553 90.9318 -50.4275 25.1874 1432206948
174.801 117.224 0 0 1432206956
140.678 125.841 -13.5105 -1.97877 1432206956
100.952 127.874 -36.2033 -1.97871 1432206956
180.378 123.364 2.06021 -1.6749 1432206956
96.5025 72.8375 -40.2492 10.275 1432206956
137.584 66.9836 -23.2493 44.8385 1432206956
160.999 118.61 0 0 1432206961
115.828 67.7966 -18.4525 13.0953 1432206961
182.375 61.125 -1.45426 32.3855 1432206961
172.188 123.141 0 0 1432206969
170.14 67.4259 -2.56136e-06 13.9216 1432206969
109.836 85.3788 -41.9788 24.3459 1432206969
174.305 119.377 0 0 1432206974
132.812 93.3317 -16.9795 5.89619 1432206974
132.635 89.7971 -16.979 6.11932 1432206974
155.016 61.8952 -12.9785 31.3155 1432206974
162.991 117.558 0 0 1432206978
131.434 125.668 -13.4984 -1.95464 1432206978
159.98 110.274 0 0 1432206992
76.7054 110.677 -44.4458 0.00174856 1432206992
114.502 64.6436 -19.4479 33.4867 1432206992
165.432 114.303 0 0 1432207000
187.259 71.7199 9.70319 9.26334 1432207000
157.684 81.7423 -14.2924 29.4848 1432207000
160.078 125.171 0 0 1432207005
168.63 122.458 0 0 1432207012
164.923 62.9146 0 12.8925 1432207012
81.4863 55.9725 -42.3128 26.3169 1432207012
74.332 124.904 -49.3054 -0.00437139 1432207012
184.343 52.9028 7.68682 23.4016 1432207012
159.154 125.179 0 0 1432207017
161.206 122.65 0 0 1432207024
182.778 82.7462 9.70596 9.22662 1432207024
166.017 125.249 0 0 1432207034
90.6755 127.737 -35.0149 0.0009016 1432207034
170.676 118.344 0 0 1432207041
185.517 114.424 7.02781 0.964193 1432207041
101.372 114.757 -28.0114 0.97157 1432207041
100.453 70.4424 -41.0043 27.1922 1432207041
167.032 107.089 0 0 1432207047
169.287 105.231 1.12169 0.452412 1432207047
91.868 105.705 -34.0374 0.455008 1432207047
104.302 51.814 -26.038 14.8762 1432207047
147.627 119.79 0 0 1432207058
93.9562 52.3502 -24.9824 17.7471 1432207058
168.064 115.107 0 0 1432207067
135.41 120.157 -13.5103 -1.97401 1432207067
87.5689 56.6814 -38.4902 14.0119 1432207067
207.5 49 5.50967 18.3883 1432207067
172.295 125.082 0 0 1432207071
119.397 124.529 -22.6313 0.0513092 1432207071
172.352 115.874 0 0 1432207082
140.172 121.893 -13.4798 -1.92352 1432207082
194 49 -2.24108 17.9011 1432207082
192.307 125.213 -27.239 43.5 1432207082
166.528 122.354 0 0 1432207089
153.685 90.6344 -4.72021 7.08163 1432207089
86.2759 49.2069 -42.5082 19.0194 1432207089
121 49 -38.5109 35.2434 1432207089
167.329 116.002 0 0 1432207099
136.213 122.563 -13.4964 -1.95869 1432207099
179.5 49 -6.44781 17.7662 1432207099
132.449 72.7793 -21.4465 27.4248 1432207099
172.324 120.978 0 0 1432207105
127.822 95.9895 -18.0824 5.58932 1432207105
156.763 76.5352 -7.08302 40.8331 1432207105
162.864 113.404 0 0 1432207112
178.499 107.85 7.00314 0.953565 1432207112
121.007 51.8404 -29.7948 37.421 1432207112
167.605 90.9821 2.98949 4.54163 1432207112
88.8232 52.6768 -34.7872 16.2472 1432207112
174.693 117.615 0 0 1432207124
171.863 56.1832 0 15.2139 1432207124
190.077 52.529 6.01579 42.443 1432207124
165.168 125.091 0 0 1432207129
89.5839 126.989 -35.0914 0.0374574 1432207129
175.008 121.512 0 0 1432207140
177.987 125.236 2.10042 -1.19798 1432207140
124.241 125.258 -20.4327 -1.19596 1432207140
170.782 120.335 0 0 1432207145
94.8767 54.0822 -33.3665 16.6107 1432207145
92.5391 53.8656 -37.3542 22.9322 1432207145
158.376 121.121 0 0 1432207150
88.8269 60.0036 -33.3521 15.2464 1432207150
170.184 122.563 0 0 1432207155
167.219 63.695 -0.00134813 13.3438 1432207155
173.821 116.528 0 0 1432207162
175.931 115.46 1.15269 0.460253 1432207162
140.503 124.1 -12.4731 -1.51928 1432207162
78.9654 125.069 -47.5423 -1.51775 1432207162
118.869 62.8792 -32.5424 34.9463 1432207162
168.635 124.08 0 0 1432207168
91.7595 125.611 -35.0392 0.00163927 1432207168
172.291 76.9137 8.95957 40.6027 1432207168
155.073 121.85 0 0 1432207176
183.296 61.331 14.0009 25.3722 1432207176
168.06 108.765 0 0 1432207181
170.01 107.1 1.13941 0.452904 1432207181
81.8087 110.531 -43.2588 0.372579 1432207181
159.845 117.578 0 0 1432207186
177.119 112.305 7.02961 0.968264 1432207186
175.699 111.723 8.16761 1.42117 1432207186
115.012 113.163 -18.3702 1.34125 1432207186
170.804 122.941 0 0 1432207193
94.7703 61.5227 -33.3638 14.0138 1432207193
154.074 64.9874 6.6308 43.3258 1432207193
169.69 114.336 0 0 1432207200
184.327 110.341 7.02911 0.967144 1432207200
140.075 88.7495 -11.0691 6.62244 1432207200
177.478 118.55 3.56155 -0.890508 1432207200
179.694 119.571 4.71079 -0.465144 1432207200
184.898 123.606 6.91149 -1.83732 1432207200
143.78 54.8824 -9.08414 15.5376 1432207200
159.924 106.87 0 0 1432207208
128.477 114.555 -13.5106 -1.95511 1432207208
167.373 50.3676 0.491173 19.4628 1432207208
172.754 119.43 0 0 1432207216
179.588 122.954 3.70111 -1.6311 1432207216
192.056 125.178 8.70096 41.73 1432207216
147.797 119.515 0 0 1432207222
132.253 54.4135 -5.88714 16.9337 1432207222
86.785 53.04 -40.8862 34.2969 1432207222
164.704 105.662 0 0 1432207231
78.9528 105.891 -44.4458 0.00191249 1432207231
100.202 78.3803 -48.4403 26.3076 1432207231
161.759 106.879 0 0 1432207237
130.857 112.799 -13.5103 -1.97426 1432207237
160.734 118.954 -7.51028 45.2599 1432207237
170.259 109.838 0 0 1432207244
106.154 107.044 -26.5953 0.0050271 1432207244
179.88 49.5978 0.400507 17.3575 1432207244
166.791 121.77 0 0 1432207253
77.8998 94.3872 -46.3231 6.0725 1432207253
147.069 79.3135 -24.3365 33.49 1432207253
159.068 115.29 0 0 1432207258
174.646 111.741 7.0506 0.978263 1432207258
95.3287 114.23 -27.9783 0.894333 1432207258
167.07 113.578 0 0 1432207264
181.939 110.029 7.01605 0.96433 1432207264
87.0577 109.75 -37.417 0.965477 1432207264
159.455 119.59 -28.4163 45.2986 1432207264
162.401 107.221 0 0 1432207268
119.156 109.062 -18.8675 -0.134748 1432207268
165.018 108.172 0 0 1432207273
169.116 105.872 1.15591 0.473313 1432207273
183.425 104.425 8.14299 1.26418 1432207273
152.632 122.014 0 0 1432207284
136.078 58.2847 -5.88762 15.009 1432207284
164.779 125.052 -37.8823 43.3061 1432207284
153.697 110.15 0 0 1432207295
84.6741 109.856 -35.0392 0.00385229 1432207295
116.997 78.3392 -32.0379 40.3296 1432207295
164.702 111.018 0 0 1432207301
171.925 122.901 0 0 1432207307
186.879 117.085 7.03964 1.00772 1432207307
87.1049 84.4681 -39.2828 8.06487 1432207307
157.391 107.545 -12.2862 36.4087 1432207307
164.541 122.875 0 0 1432207320
81.98 50.07 -41.8443 18.1331 1432207320
159.564 51.2117 -4.849 45.3637 1432207320
165.969 122.334 0 0 1432207325
92.2368 57.2896 -33.3606 15.7425 1432207325
84.413 58.7843 -47.3505 25.2018 1432207325
169.451 122.835 0 0 1432207331
80.4247 46.4866 -41.8417 19.505 1432207331
162.827 124.881 0 0 1432207335
85.6148 127.237 -35.0288 0.0299167 1432207335
159.016 111.667 0 0 1432207343
116.44 114.2 -18.8037 -0.159611 1432207343
174.396 120.523 0 0 1432207358
112.592 49.0604 -24.9866 17.8976 1432207358
116.559 57.8972 -46.9823 49.0964 1432207358
164.859 105.989 0 0 1432207366
101.263 105.511 -26.6226 0.00158463 1432207366
101.16 103.445 -26.6251 0.208215 1432207366
178.172 56.8696 4.37801 37.5255 1432207366
174.244 115.699 0 0 1432207378
143.227 121.699 -13.4964 -1.96065 1432207378
192.113 124.976 -26.4946 46.2968 1432207378
172.494 123.709 0 0 1432207387
187.559 120.471 7.00292 0.694451 1432207387
83.7259 93.1493 -39.2958 7.52776 1432207387
161.912 109.8 0 0 1432207400
175.636 103.046 7.02899 0.96769 1432207400
84.9125 74.1841 -34.501 7.26539 1432207400
89.5072 47.3865 -38.5042 29.6318 1432207400
172.817 118.839 0 0 1432207409
92.0482 118.508 -35.0392 0.0346706 1432207409
163.699 85.215 -0.0392205 45.2981 1432207409
164.282 121.682 0 0 1432207414
78.2044 46.8066 -41.8396 19.4585 1432207414
173.184 122.031 0 0 1432207419
143.768 58.8949 -12.2315 5.74235 1432207419
164.494 118.189 0 0 1432207424
119.34 62.3296 -18.4457 12.8401 1432207424
164.375 131.938 0 0 1432207428
120.399 74.3084 -18.4342 12.8282 1432207428
162.008 132.873 0 0 1432207434
117.915 72.9997 -18.451 13.0652 1432207434
138.976 189.834 -9.45035 -21.3769 1432207434
168.997 110.604 0 0 1432207441
137.662 122.071 -13.5075 -2.16847 1432207441
172.911 122.482 0 0 1432207445
176.604 124.348 1.14189 0.444205 1432207445
178.6 125.314 3.11664 -0.616139 1432207445
169.418 118.985 0 0 1432207457
184.347 118.75 7.02913 0.960334 1432207457
116.303 183.238 -20.9486 -13.853 1432207457
117.477 185.189 -20.9037 -14.0549 1432207457
146.722 193.674 -7.91786 -18.7449 1432207457
71.5142 73.7257 -47.9401 9.93045 1432207457
148.058 144.781 -7.95942 -4.73622 1432207457
147.995 145.622 -7.95887 -4.80977 1432207457
148.075 147.27 -7.95549 -4.98547 1432207457
168.757 188.446 1.99356 -16.4109 1432207457
84.1546 172.117 -36.9434 -10.0677 1432207457
161.901 120.367 0 0 1432207466
164.488 188.565 2.68891 -16.6281 1432207466
89.8441 47.1891 -30.309 22.7357 1432207466
169.042 127.357 0 0 1432207470
116.883 125.777 -22.6458 0.0670813 1432207470
157.442 112.826 0 0 1432207477
164.333 95.7551 3.34275 4.25627 1432207477
169.62 173.612 6.03166 -12.3724 1432207477
75.1164 65.2041 -40.3419 10.9318 1432207477
175.922 153.593 8.64853 -8.61091 1432207477
162.984 121.427 0 0 1432207481
144.743 109.833 -8.22669 2.32331 1432207481
147.612 111.508 -6.98963 2.60476 1432207481
152.118 106.89 0 0 1432207487
165.657 166.132 6.23697 -11.9361 1432207487
117.954 196.417 -15.4057 -27.3264 1432207487
77.2537 147.55 -36.3461 -8.32176 1432207487
157.976 130.746 0 0 1432207492
146.344 91.4518 -4.71683 8.72253 1432207492
168.057 106.816 0 0 1432207496
171.03 104.567 1.14486 0.464118 1432207496
186.626 102.977 8.09676 1.1789 1432207496
175.361 120.98 0 0 1432207501
176.595 121.522 1.15295 0.457065 1432207501
88.3469 147.162 -35.7565 -4.99133 1432207501
158.368 122.134 0 0 1432207508
72.8821 45.9301 -41.8385 20.8557 1432207508
174.155 114.599 0 0 1432207513
121.167 180.738 -21.636 -15.1703 1432207513
155.523 125.247 0 0 1432207519
137.345 150.883 -7.09341 -4.76906 1432207519
74.4215 189.323 -40.5798 -15.392 1432207519
154.741 168.585 0.36406 -9.20249 1432207519
165.46 129.667 0 0 1432207526
82.8368 157.833 -36.9466 -5.60573 1432207526
107.603 151.304 -24.9443 -4.52103 1432207526
167.709 131.649 0 0 1432207532
84.2491 164.424 -36.936 -5.58579 1432207532
84.856 196.056 -39.9403 -18.9589 1432207532
168.678 131.839 0 0 1432207538
99.5972 92.1043 -29.3376 9.12599 1432207538
151.26 106.23 -7.48848 5.83346 1432207538
153.231 104.33 -6.34936 6.28639 1432207538
80.3905 106.02 -41.2881 6.13118 1432207538
163.854 122.444 0 0 1432207542
96.5393 140.171 -28.2217 -3.97158 1432207542
150.734 110.986 0 0 1432207547
75.9341 139.603 -36.8752 -5.47711 1432207547
169.532 120.434 0 0 1432207553
119.118 150.93 -21.6624 -6.71478 1432207553
180.547 134.575 4.54553 -3.2792 1432207553
180.005 195.749 7.23444 -19.9077 1432207553
91.6903 78.8467 -32.7636 8.58219 1432207553
170.137 116.362 0 0 1432207562
178.201 119.967 3.70108 -1.63445 1432207562
97.4175 55.814 -29.6676 15.0076 1432207562
186.405 187.933 8.4394 -24.9275 1432207562
160.068 108.57 0 0 1432207566
80.0557 134.495 -36.8809 -5.50765 1432207566
163.046 113.16 0 0 1432207572
177.583 114.014 7.04785 0.743302 1432207572
162.731 125.277 0 0 1432207577
150.942 88.3591 -4.72186 8.76898 1432207577
157.398 110.019 0 0 1432207581
126.561 117.892 -13.4599 -1.98447 1432207581
159.185 117.716 0 0 1432207589
174.836 152.717 7.35937 -7.05388 1432207589
151.046 193.668 -2.12678 -25.2449 1432207589
151.903 51.235 -2.12667 17.1828 1432207589
153.286 108.291 0 0 1432207596
139.312 46.0903 -5.8892 17.8665 1432207596
92.775 192.045 -27.8857 -26.5046 1432207596
167.151 109.177 0 0 1432207601
168.987 104.974 1.14038 0.471249 1432207601
89.5897 48.2133 -32.2234 16.9115 1432207601
156.431 107.212 0 0 1432207612
72.2967 172.559 -42.2932 -13.2242 1432207612
149.352 124.37 0 0 1432207617
74.6981 153.409 -36.9419 -5.56174 1432207617
157.103 124.403 0 0 1432207622
159.153 191.687 2.6889 -16.6304 1432207622
83.3776 195.041 -36.2498 -23.9456 1432207622
170.597 128.344 0 0 1432207629
80.9323 102.792 -41.53 6.29232 1432207629
142.338 178.976 -11.549 -9.57031 1432207629
111 197 -33.5407 -18.0046 1432207629
173.903 126.861 0 0 1432207635
142.716 171.388 -12.502 -8.69972 1432207635
94.0615 193.051 -34.4858 -20.0887 1432207635
161.007 129.694 0 0 1432207638
153.032 106.054 0 0 1432207643
166.578 160.088 6.23697 -11.9348 1432207643
85.9593 54.6067 -29.7601 13.6764 1432207643
171.58 120.239 0 0 1432207653
153.903 144.733 -7.09554 -4.88476 1432207653
82.6386 190.284 -44.6131 -23.8059 1432207653
152.432 140.663 -7.78002 -4.08154 1432207653
157.578 195.574 -5.0911 -20.71 1432207653
136.859 80.5972 -14.63 8.2933 1432207653
124 197 -29.6183 -20.7595 1432207653
92.0947 44.2316 -35.6147 21.6305 1432207653
156.787 119.574 0 0 1432207659
183.235 106.521 11.3994 3.39214 1432207659
153.433 196.733 7.52994 -20.7256 1432207659
151.007 83.7723 -2.00411 8.06495 1432207659
158.354 112.937 0 0 1432207669
174.324 110.872 7.02912 0.956018 1432207669
120.959 181.705 -14.6121 -14.4043 1432207669
156.121 190.594 -23.4859 -26.1183 1432207669
165.215 133.139 0 0 1432207676
168.012 194.169 2.68843 -16.5512 1432207676
148.377 75.9448 -6.85027 12.418 1432207676
175.884 186.309 6.21795 -12.8832 1432207676
122.057 49.0418 -18.7792 27.4838 1432207676
164.225 131.69 0 0 1432207684
130.533 57.0115 -13.4082 18.202 1432207684
161.422 143.62 -1.04139 -1.70629 1432207684
165.252 138.676 0.100768 -1.24651 1432207684
167.946 136.328 1.26586 -0.762666 1432207684
171.092 134.008 2.40732 -0.316835 1432207684
171.598 135.273 3.54694 0.125376 1432207684
86.7276 160.807 -33.3538 -5.24955 1432207684
159.453 110.754 0 0 1432207689
175.17 108.794 7.02917 0.957538 1432207689
186.875 193.24 14.0766 -20.2787 1432207689
152.518 122.044 0 0 1432207692
172.11 120.891 0 0 1432207701
85.7556 179.672 -37.7816 -12.1965 1432207701
168.554 122.035 0 0 1432207705
139.433 96.7258 -12.2244 5.85487 1432207705
156.66 111.518 0 0 1432207715
154.358 96.5101 -0.655936 3.82413 1432207715
168.192 157.103 5.58217 -8.19882 1432207715
171.856 189.68 8.27086 -24.7908 1432207715
158.119 46.6559 0.931001 21.3798 1432207715
167.909 134.262 4.09972 -4.41638 1432207715
168.747 135.772 5.25378 -4.89805 1432207715
168.964 138.98 5.44819 -5.87243 1432207715
79.5307 112.4 -36.0699 0.394423 1432207715
77.6338 196.366 -40.0646 -22.0206 1432207715
171.872 122.938 0 0 1432207722
187.249 118.78 7.02878 0.964455 1432207722
78.8127 123.764 -42.3747 0.767125 1432207722
174.566 124.95 0 0 1432207730
175.868 127.07 1.14059 0.446454 1432207730
78.5926 195.432 -45.2341 -22.88 1432207730
77.9197 49.6393 -48.2262 25.3929 1432207730
168.386 133.267 0 0 1432207735
174.007 132.439 2.6399 0.00615965 1432207735
175.987 128.983 3.78045 0.465937 1432207735
105.537 65.1974 -25.6316 14.9539 1432207735
165.802 117.621 0 0 1432207740
105.239 50.5793 -24.9854 17.7998 1432207740
163.396 116.062 0 0 1432207746
170.275 97.4282 3.34561 4.28851 1432207746
141.98 191.001 -7.89286 -17.4643 1432207746
165.243 196.514 2.09228 -24.7784 1432207746
158.689 127.717 0 0 1432207750
90.4293 146.459 -28.2235 -3.9469 1432207750
166.483 120.037 0 0 1432207756
168.937 188.81 2.68891 -16.6281 1432207756
134.44 44.6543 -14.3089 22.7417 1432207756
172.965 111.346 0 0 1432207761
186.51 109.52 7.05078 0.971654 1432207761
95.381 165.968 -30.7075 -10.7364 1432207761
164.442 125.758 0 0 1432207765
112.695 155.702 -21.6459 -6.55785 1432207765
170.313 109.959 0 0 1432207771
74.8955 74.9777 -46.3098 6.99605 1432207771
83.2289 52.1581 -42.3071 22.3091 1432207771
162.082 111.433 0 0 1432207776
159.801 95.413 -0.655939 3.8237 1432207776
175.965 195.107 7.60237 -21.1521 1432207776
157.64 107.145 0 0 1432207782
171.137 166.632 6.23747 -11.9624 1432207782
178.339 191.703 11.234 -27.2423 1432207782
165.316 121.346 0 0 1432207791
177.208 179.04 6.23142 -12.1133 1432207791
173.248 122.84 0 0 1432207796
81.2594 181.219 -42.3009 -13.2526 1432207796
157.832 124.145 0 0 1432207804
180.569 196.025 13.3941 -18.3645 1432207804
169.56 120.047 0 0 1432207810
117.538 151.3 -21.6365 -6.52583 1432207810
166.103 113.369 0 0 1432207814
181.993 110.321 6.98068 0.830464 1432207814
158.015 112.443 0 0 1432207820
173.511 110.706 7.05078 0.970884 1432207820
76.6134 180.095 -35.2564 -12.4564 1432207820
141.397 202.294 -7.26882 -25.7558 1432207820
171.914 116.368 0 0 1432207824
176 121.118 3.56388 -1.57677 1432207824
165.061 112.563 0 0 1432207829
111.677 184.468 -21.6294 -15.0865 1432207829
169.369 114.539 0 0 1432207834
184.226 125.737 6.42682 -3.02395 1432207834
83.5875 45.164 -35.4134 17.8362 1432207834
155.236 124.747 0 0 1432207838
77.7665 177.552 -33.4687 -10.4182 1432207838
166.268 127.359 0 0 1432207844
137.085 100.824 -12.2288 5.94291 1432207844
96.226 197.86 -29.2264 -16.6912 1432207844
95.7819 197.12 -29.2229 -16.4776 1432207844
165.525 114.594 0 0 1432207850
178.283 167.493 6.23747 -11.9601 1432207850
83.5208 47.5122 -33.7822 16.5189 1432207850
168.08 128.042 0 0 1432207855
173.717 130.924 2.72876 -0.00979892 1432207855
143.173 169.233 -9.77038 -8.5402 1432207855
153.477 108.183 0 0 1432207859
77.3339 110.113 -34.9917 -0.119505 1432207859
164.807 133.105 0 0 1432207864
170.512 134.079 2.60851 -0.0139735 1432207864
142.229 197.14 -8.38895 -21.3301 1432207864
166.393 129.318 0 0 1432207869
175.215 126.897 4.12587 0.571363 1432207869
90.5989 128.971 -30.9103 0.636816 1432207869
161.748 117.319 0 0 1432207875
158.904 100.305 -0.657383 3.88419 1432207875
96.2946 103.019 -27.2527 3.87919 1432207875
75.2302 194.031 -43.246 -24.4375 1432207875
159.609 121.08 0 0 1432207880
170.145 146.887 5.10803 -4.75754 1432207880
101.273 198.99 -24.3078 -19.2573 1432207880
165.542 134.748 0 0 1432207885
168.046 137.463 0.201494 -1.02401 1432207885
173.79 137.451 2.87805 -1.02769 1432207885
177.561 133.388 5.44951 -1.00701 1432207885
108.846 96.1349 -23.8631 7.95379 1432207885
163.853 133.41 0 0 1432207892
156.016 58.8666 -2.68891 16.6278 1432207892
93.3189 184.428 -29.1753 -9.49258 1432207892
123.235 187.959 -16.242 -11.3103 1432207892
123.165 187.776 -16.2419 -11.2707 1432207892
123.338 185.644 -16.2349 -10.9685 1432207892
167.169 125.141 0 0 1432207896
115.766 95.6724 -21.6595 6.69171 1432207896
163.549 114.827 0 0 1432207901
141.4 37.3 -13.9966 24.3289 1432207901
166.289 132.838 0 0 1432207911
171.557 132.047 2.57223 0.0157857 1432207911
127.617 73.0282 -15.845 12.879 1432207911
171.945 126.741 0 0 1432207915
176.661 125.465 2.49551 0.123222 1432207915
154.991 110.473 0 0 1432207920
73.4291 139.008 -36.936 -5.58547 1432207920
130.5 203 -19.9347 -26.9056 1432207920
165.957 105.637 0 0 1432207925
164.933 104.764 1.15116 0.466894 1432207925
104.49 105.638 -25.3632 0.327023 1432207925
153.664 126.865 0 0 1432207929
136.356 146.737 -7.07182 -4.56001 1432207929
168.346 115.46 0 0 1432207934
181.217 124.499 6.42672 -3.02366 1432207934
78.1813 98.5655 -39.727 3.703 1432207934
161.584 132.636 0 0 1432207939
161.84 137.719 0.198485 -1.0351 1432207939
123.24 186.282 -15.208 -11.7305 1432207939
151.48 109.17 0 0 1432207944
120.943 117.77 -13.4253 -1.99456 1432207944
166.025 120.654 0 0 1432207948
137.128 96.4637 -12.2153 5.79793 1432207948
163.868 110.294 0 0 1432207956
178.377 105.831 7.02902 0.972886 1432207956
141.389 74.2048 -8.30432 8.25422 1432207956
165.196 114.098 0 0 1432207961
172.366 100.491 3.3186 4.01913 1432207961
153.242 121.441 0 0 1432207965
72.6579 147.711 -36.8882 -5.43876 1432207965
163.522 130.61 0 0 1432207970
102.734 165.613 -25.4019 -7.74757 1432207970
168.155 133.389 0 0 1432207974
150.499 153.913 -7.08905 -4.59496 1432207974
160.375 112.211 0 0 1432207979
158.136 98.9909 -0.653002 3.59123 1432207979
144.473 117.331 0 0 1432207985
68.2336 149.986 -36.936 -5.5842 1432207985
112.967 202.511 -16.9365 -24.9732 1432207985
171.128 111.936 0 0 1432207990
184.405 110.023 6.95542 0.83577 1432207990
163.961 116.958 0 0 1432207994
160.774 100.177 -0.655996 3.82487 1432207994
130.357 109.376 -14.126 1.73558 1432207994
173.56 128.345 0 0 1432208000
112.16 165.417 -25.406 -7.86886 1432208000
122.566 38.3182 -23.4036 26.5126 1432208000
159.484 122.995 0 0 1432208004
71.1281 95.3176 -41.4812 6.16394 1432208004
162.655 118.101 0 0 1432208012
177.607 114.076 7.02896 0.964458 1432208012
70.9216 115.689 -42.3754 0.782911 1432208012
160.146 126.56 0 0 1432208017
108.594 97.1105 -21.6625 6.71558 1432208017
149.034 198.492 -3.66407 -22.5584 1432208017
173.992 123.572 0 0 1432208022
176.053 122.513 1.15247 0.45957 1432208022
146.159 128.178 -12.2642 -1.31145 1432208022
172.663 113.589 0 0 1432208027
78.6787 199.765 -41.8391 -20.8464 1432208027
168.583 109.522 0 0 1432208033
151.233 133.661 -7.0995 -4.80401 1432208033
133.909 157.139 -14.1856 -9.53648 1432208033
144.992 200.306 -9.18667 -24.8192 1432208033
166.667 129.561 0 0 1432208038
95.766 62.2793 -29.4066 14.4343 1432208038
156.443 112.02 0 0 1432208043
153.971 97.7042 -0.656641 3.85191 1432208043
67.3449 162.368 -42.9142 -9.34235 1432208043
161.338 110.854 0 0 1432208048
158.741 90.1992 -0.656627 3.85881 1432208048
90.8427 37.6067 -34.0193 20.2883 1432208048
148.526 109.726 0 0 1432208052
118.849 117.688 -13.4499 -1.99031 1432208052
161.815 114.592 0 0 1432208058
159.519 100.498 -0.657185 3.8818 1432208058
106.992 176.022 -22.2967 -11.4456 1432208058
111.885 202.712 -27.2907 -23.7844 1432208058
170.66 110.3 0 0 1432208064
178.266 116.41 3.70111 -1.64204 1432208064
166.289 198.727 0.431083 -21.8758 1432208064
157.558 105.04 0 0 1432208068
158.254 103.742 1.1516 0.466864 1432208068
100.005 107.292 -25.3286 0.284381 1432208068
167.5 128.806 0 0 1432208076
129.762 192.608 -14.7896 -14.6368 1432208076
169.008 129.425 0 0 1432208081
98.2847 62.7781 -29.4051 14.4173 1432208081
151.584 125.982 0 0 1432208085
134.039 147.035 -7.08681 -4.66913 1432208085
163.657 109.025 0 0 1432208090
143.67 196.413 -7.04884 -21.3033 1432208090
158.646 112.505 0 0 1432208095
142.673 44.5985 -5.88846 17.6621 1432208095
158.415 115.692 0 0 1432208100
171.156 168.48 6.23458 -11.7569 1432208100
163.64 123.779 0 0 1432208105
72.6239 183.656 -42.2768 -13.0685 1432208105
172.921 120.954 0 0 1432208110
179.325 123.673 2.73739 -0.137547 1432208110
189.104 135.62 7.33874 -3.20561 1432208110
105.594 136.61 -27.6535 -3.0206 1432208110
171.906 126.439 0 0 1432208116
182.263 138.339 4.6015 -3.06632 1432208116
150.81 40.8536 -8.46686 22.1149 1432208116
158.292 110.553 0 0 1432208121
174.011 108.62 7.00313 0.945045 1432208121
104.485 193.727 -21.477 -19.2386 1432208121
155.598 121.249 0 0 1432208127
166.057 146.082 5.1172 -4.84628 1432208127
164.767 146.757 4.54546 -5.69773 1432208127
87.5478 49.4278 -27.6023 17.0921 1432208127
166.942 131.392 0 0 1432208131
179.648 129.967 5.50539 0.153224 1432208131
149.529 113.804 0 0 1432208136
73.7416 113.419 -35.0758 -0.0506561 1432208136
164.495 122.387 0 0 1432208140
102.817 160.555 -25.3975 -7.78779 1432208140
170.009 112.23 0 0 1432208145
76.7868 197.398 -41.8308 -20.7029 1432208145
165.765 124.603 0 0 1432208150
112.285 173.859 -22.033 -10.6925 1432208150
171.017 123.542 0 0 1432208156
153.499 101.527 -7.11525 4.88877 1432208156
75.6496 100.34 -42.2621 4.92468 1432208156
82.2449 38.3469 -40.2543 25.0669 1432208156
163.779 114.687 0 0 1432208160
133.005 121.46 -13.406 -1.91052 1432208160
166.605 118.647 0 0 1432208165
188.391 77.7836 9.70718 9.2791 1432208165
171.902 116.915 0 0 1432208171
153.83 141.535 -7.12654 -5.04624 1432208171
110.763 77.7073 -25.5758 7.98944 1432208171
146.482 38.4925 -12.5782 24.4117 1432208171
164.719 129.849 0 0 1432208176
175.115 126.458 4.0807 0.549443 1432208176
175.986 123.16 5.20502 1.00237 1432208176
96.4523 78.0186 -28.2558 11.3824 1432208176
164.023 119.72 0 0 1432208181
160.957 101.834 -0.664179 3.7894 1432208181
84.5286 83.4126 -33.1978 8.52515 1432208181
167.588 123.099 0 0 1432208186
180.333 175.856 6.22909 -11.6274 1432208186
160.308 127.585 0 0 1432208191
154.654 174.155 -1.62779 -9.75786 1432208191
149.214 118.652 0 0 1432208196
132.817 47.756 -5.88862 17.791 1432208196
130.4 202.733 -9.88551 -21.4591 1432208196
163.553 122.768 0 0 1432208203
179.307 157.349 7.35472 -6.99137 1432208203
101.502 194.683 -26.0187 -23.7182 1432208203
174.723 39.1151 3.97925 21.7612 1432208203
172.321 40.4532 3.97812 21.4741 1432208203
163.38 133.65 0 0 1432208208
175.764 131.865 5.59456 0.00726104 1432208208
106.625 92.9702 -23.7163 9.03237 1432208208
162.99 116.664 0 0 1432208217
170.779 101.171 3.33521 4.18864 1432208217
150.163 195.3 -3.72067 -17.457 1432208217
166.246 131.131 0 0 1432208222
136.756 193.894 -11.1957 -14.9538 1432208222
155.799 121.65 0 0 1432208227
73.3962 66.9808 -37.7723 11.7977 1432208227
158.77 112.038 0 0 1432208232
90.6598 196.611 -29.9862 -26.1574 1432208232
165.058 125.471 0 0 1432208236
78.1891 151.281 -36.8637 -5.36789 1432208236
159.321 116.993 0 0 1432208239
156.194 128.915 0 0 1432208244
74.0067 154.886 -36.8594 -5.34892 1432208244
162.457 128.314 0 0 1432208250
174.887 129.84 5.59464 -0.00339637 1432208250
156.877 152.283 -1.52058 -4.91363 1432208250
70.1302 57.7622 -43.3368 15.7786 1432208250
157.785 123.095 0 0 1432208254
184.103 196.075 13.4054 -17.9857 1432208254
175.717 120.791 0 0 1432208259
188.907 118.126 6.94071 0.925137 1432208259
171.572 128.05 0 0 1432208263
77.4816 100.95 -41.4077 6.06041 1432208263
162.16 128.172 0 0 1432208269
76.7637 156.835 -36.908 -5.53292 1432208269
91.0845 199.227 -31.9018 -22.8556 1432208269
169.756 128.713 0 0 1432208274
185.316 158.601 7.33591 -6.75534 1432208274
156.205 104.547 0 0 1432208280
113.334 105.797 -18.9427 -0.003708 1432208280
75.75 202.125 -41.9328 -27.3251 1432208280
160.802 119.546 0 0 1432208286
175.528 112.531 7.0029 0.960361 1432208286
139.224 81.445 -8.31893 8.34898 1432208286
139.21 83.3861 -8.31849 8.16032 1432208286
156.474 201.446 -0.318885 -24.1018 1432208286
169.635 112.783 0 0 1432208291
149.968 140.626 -7.11527 -4.91579 1432208291
67.1269 168.18 -48.5923 -10.9744 1432208291
162.888 122.066 0 0 1432208295
157.395 144.647 -1.76478 -4.99026 1432208295
156.571 119.442 0 0 1432208300
182.12 102.404 11.3992 3.4019 1432208300
76.8501 71.1128 -34.8774 10.2032 1432208300
158.338 121.994 0 0 1432208308
175.851 116.691 7.08456 1.00584 1432208308
190.537 116.362 14.0877 1.94579 1432208308
166.036 202.679 14.0877 -20.4849 1432208308
154.401 83.8763 -0.901465 8.67862 1432208308
90.8918 196.883 -27.3852 -17.3322 1432208308
94.9921 202.205 -30.3729 -23.5701 1432208308
163.953 129.23 0 0 1432208313
158.368 153.191 -1.76561 -5.13146 1432208313
136.747 69.7102 -11.2494 13.0163 1432208313
169.156 119.406 0 0 1432208319
88.7184 49.3403 -33.3594 16.7443 1432208319
185.812 42.1937 7.55301 20.1729 1432208319
147.01 124.032 0 0 1432208323
69.4911 152.886 -36.8913 -5.45938 1432208323
151.472 126.722 0 0 1432208328
135.044 51.6887 -5.88756 17.685 1432208328
171.243 119.065 0 0 1432208334
89.7682 51.386 -33.3665 16.6094 1432208334
93.3196 195.197 -34.3625 -23.8795 1432208334
160.164 132.424 0 0 1432208339
185.078 200.806 13.4082 -18.1533 1432208339
167.493 131.153 0 0 1432208344
171.884 136.576 2.21575 -1.42645 1432208344
187.6 168.693 9.57105 -8.344 1432208344
165.615 115.735 0 0 1432208351
148.951 46.9315 -5.88936 17.7037 1432208351
169.558 125.548 0 0 1432208357
179.68 139.005 4.60623 -3.094 1432208357
95.9452 202.452 -37.3852 -22.5356 1432208357
169.269 113.848 0 0 1432208361
139.797 122.338 -13.3415 -1.92513 1432208361
162.472 127.54 0 0 1432208365
148.58 127.842 -6.97557 -0.76953 1432208365
156.35 121.964 0 0 1432208369
107.497 201.921 -22.9946 -24.3683 1432208369
161.228 122.758 0 0 1432208375
108.122 72.463 -22.0511 10.9745 1432208375
115.36 192.661 -20.0493 -23.4648 1432208375
157.627 126.107 0 0 1432208379
74.7022 151.19 -36.9102 -5.46213 1432208379
158.883 122.638 0 0 1432208384
189.373 116.243 13.5219 1.98928 1432208384
153 203 9.5215 -23.393 1432208384
170.543 122.246 0 0 1432208389
152.824 101.738 -7.11772 4.93237 1432208389
72.5193 129.947 -43.995 -0.599739 1432208389
172.88 112.527 0 0 1432208395
141.157 120.612 -13.5315 -2.00322 1432208395
71.2242 72.8383 -46.963 8.32099 1432208395
164.443 124.14 0 0 1432208399
84.5248 78.9945 -33.4478 10.3878 1432208399
162.966 113.794 0 0 1432208404
126.256 178.543 -14.7794 -14.2675 1432208404
172.692 123.5 0 0 1432208409
183.207 135.427 4.61017 -3.08728 1432208409
140.843 59.8089 -12.8901 13.8253 1432208409
168.023 130.982 0 0 1432208414
172.448 132.969 2.19773 -1.24817 1432208414
172.673 119.435 0 0 1432208418
185.885 131.277 6.42672 -3.02798 1432208418
104.293 131.976 -28.537 -2.91254 1432208418
159.768 121.129 0 0 1432208421
160.405 124.387 0 0 1432208425
155.204 143.103 -1.75687 -4.78318 1432208425
157.257 111.293 0 0 1432208431
159.2 188.154 2.68891 -16.6306 1432208431
112.873 200.646 -19.2766 -24.9301 1432208431
168.842 116.496 0 0 1432208436
191.696 88.9895 9.73003 6.54191 1432208436
160.284 110.052 0 0 1432208441
177.76 104.765 7.05113 0.979883 1432208441
193.065 103.682 14.102 1.95533 1432208441
123.1 191.497 -14.3805 -18.2665 1432208441
162.771 125.389 0 0 1432208446
138.321 168.769 -9.71275 -9.26647 1432208446
162.011 109.848 0 0 1432208451
111.517 192.575 -20.351 -19.8589 1432208451
162.824 106.794 0 0 1432208457
194.325 95.3851 13.5219 1.99638 1432208457
136.986 41.9856 -10.4764 22.3481 1432208457
161.077 109.565 0 0 1432208464
172.557 199.448 7.03226 -21.5959 1432208464
162.406 107.844 0 0 1432208469
136.996 188.022 -9.48593 -18.1699 1432208469
160.675 129.402 0 0 1432208474
148.894 91.337 -4.72319 8.87504 1432208474
77.6932 192.054 -36.8634 -13.905 1432208474
152.756 109.029 0 0 1432208479
166.261 38.2803 3.26959 20.2524 1432208479
158.98 135.131 0 0 1432208484
167.508 200.555 5.88695 -17.5146 1432208484
168.727 132.151 0 0 1432208489
172.516 134.403 2.08371 -1.05511 1432208489
158.327 121.627 0 0 1432208493
74.5692 66.6188 -37.7821 11.841 1432208493
174.05 121.498 0 0 1432208498
83.4948 47.0069 -37.5121 18.7168 1432208498
166.977 133.562 0 0 1432208503
168.183 133.899 1.13923 0.444864 1432208503
91.2322 155.215 -31.312 -4.17247 1432208503
164.591 112.555 0 0 1432208510
133.907 154.974 -12.4977 -8.81596 1432208510
169.581 124.422 0 0 1432208515
117.837 153.962 -21.6466 -6.51474 1432208515
166.821 120.813 0 0 1432208520
105.118 163.277 -25.4133 -7.90506 1432208520
129.981 206.941 -15.4162 -24.2199 1432208520
169.176 115.894 0 0 1432208524
157.809 129.988 0 0 1432208528
185.225 168.458 12.4914 -8.44711 1432208528
166.047 133.91 0 0 1432208534
166.027 139.009 0.196293 -1.00118 1432208534
136.367 198.887 -10.9984 -15.9304 1432208534
157.811 132.259 0 0 1432208539
182.983 203.957 13.4034 -17.8752 1432208539
156.595 130.029 0 0 1432208544
166.738 150.363 5.10367 -4.71781 1432208544
165.37 49.4007 5.10245 17.5714 1432208544
163.879 116.271 0 0 1432208550
161.559 100.118 -0.655935 3.82105 1432208550
174.353 195.618 6.39268 -17.5181 1432208550
155.195 63.6931 -3.14606 11.3844 1432208550
158.918 113.512 0 0 1432208555
91.869 95.9507 -28.1687 3.88627 1432208555
160.747 133.522 0 0 1432208560
160.91 137.907 0.193508 -0.973927 1432208560
102.729 206.264 -24.7877 -18.6262 1432208560
163.269 107.63 0 0 1432208567
170.046 89.7701 3.33932 4.22208 1432208567
125.051 198.83 -14.8071 -20.3522 1432208567
189 31 7.19004 21.8495 1432208567
166.894 133.361 0 0 1432208572
172.854 131.529 2.71672 0.00698527 1432208572
171.66 64.8227 2.71419 15.0346 1432208572
167.096 131.397 0 0 1432208577
172.491 131.298 2.71616 -1.15261e-05 1432208577
87.6267 133.431 -32.3813 0.0673737 1432208577
161.435 111.388 0 0 1432208582
159.194 97.3041 -0.655135 3.78824 1432208582
135.58 182.499 -10.1376 -14.2933 1432208582
146.991 128.335 0 0 1432208587
85.8385 202.368 -24.9801 -17.6563 1432208587
146.423 118.992 0 0 1432208591
172.484 123.882 0 0 1432208595
186.233 133.436 6.34507 -2.80829 1432208595
170.781 124.292 0 0 1432208601
154.336 103.733 -7.07025 4.74765 1432208601
156.592 103.421 -5.94548 5.16987 1432208601
106.365 194.718 -26.2971 -14.6683 1432208601
162.967 115.637 0 0 1432208607
160.687 100.524 -0.655939 3.82044 1432208607
164.837 203.943 3.2133 -20.2335 1432208607
151.035 207.838 -2.77394 -24.574 1432208607
156.736 110.256 0 0 1432208612
163.286 94.5403 3.33028 4.14436 1432208612
140.88 201.271 -4.92681 -20.6744 1432208612
168.364 126.227 0 0 1432208616
155.955 106.597 -5.11288 4.71672 1432208616
158.904 116.543 0 0 1432208621
174.051 110.546 7.0031 0.958013 1432208621
82.9285 39.6533 -30.5043 19.5239 1432208621
168.282 128.147 0 0 1432208626
150.392 150.979 -7.1095 -4.71378 1432208626
172.591 121.88 0 0 1432208632
74.6823 96.3473 -41.5038 6.23983 1432208632
93.9841 204.441 -34.4985 -23.0846 1432208632
161.238 113.21 0 0 1432208636
108.302 65.0491 -22.0338 10.6935 1432208636
158.31 118.627 0 0 1432208641
171.051 171.846 6.23237 -11.6553 1432208641
160.404 112.301 0 0 1432208645
158.095 96.6141 -0.657424 3.79029 1432208645
158.495 128.982 0 0 1432208650
71.1087 154.297 -36.8839 -5.3825 1432208650
161.983 133.089 0 0 1432208655
162.061 137.178 0.195039 -1.00463 1432208655
83.1381 161.297 -32.341 -5.74809 1432208655
161.099 104.195 0 0 1432208660
67.2507 48.3316 -42.2936 13.1675 1432208660
168.129 106.363 0 0 1432208665
170.05 107.568 1.09801 0.262945 1432208665
164.837 131.227 0 0 1432208669
122.749 127.846 -18.8595 0.133861 1432208669
169.501 112.656 0 0 1432208674
125.077 74.1758 -18.6122 9.06273 1432208674
165.285 113.36 0 0 1432208680
171.168 36.6959 3.26923 20.2851 1432208680
189.915 177.813 11.2612 -13.0508 1432208680
166.853 118.993 0 0 1432208684
71.2208 91.7325 -41.4366 6.05479 1432208684
154.395 108.315 0 0 1432208691
121.034 194.29 -13.3672 -18.3611 1432208691
167.876 115.854 0 0 1432208697
182.694 126.545 6.41234 -2.97655 1432208697
105.398 37.0508 -25.7423 19.9901 1432208697
152.173 113.879 0 0 1432208702
83.1813 207.791 -32.1466 -22.7388 1432208702
168.112 109.396 0 0 1432208707
182.487 124.174 6.40909 -3.06543 1432208707
66.1844 161.552 -44.8229 -10.5289 1432208707
161.53 110.031 0 0 1432208712
168.224 92.767 3.3352 4.18849 1432208712
111.121 197.052 -20.0108 -18.8246 1432208712
158.624 125.776 0 0 1432208717
142.108 48.7563 -5.88762 17.607 1432208717
168.445 128.242 0 0 1432208723
176.874 201.608 5.88884 -17.8186 1432208723
181.129 68.0536 5.88346 12.6032 1432208723
157.273 132.351 0 0 1432208730
100.947 38.5263 -23.3445 22.9276 1432208730
158.5 31 -3.38606 28.1761 1432208730
152.455 114.422 0 0 1432208735
122.241 121.278 -13.3951 -1.93105 1432208735
166.17 108.642 0 0 1432208741
169.103 106.298 1.14144 0.456716 1432208741
171.638 106.522 2.28367 0.896915 1432208741
179.553 114.991 5.97106 -0.720285 1432208741
79.4697 202.985 -35.8668 -21.5389 1432208741
161.016 116.483 0 0 1432208745
145.468 132.708 -7.04314 -4.50055 1432208745
156.664 119.195 0 0 1432208750
163.383 99.411 3.33518 4.19398 1432208750
68.6224 46.0719 -38.9637 17.3996 1432208750
168.823 114.375 0 0 1432208758
68.0956 114.208 -44.433 -0.000865741 1432208758
132.312 207.422 -19.3722 -25.3507 1432208758
171.33 122.869 0 0 1432208763
128.305 99.1135 -18.0824 5.58502 1432208763
161.883 193.943 -2.3558 -15.5677 1432208763
156.658 131.54 0 0 1432208768
83.3851 132.798 -30.6158 0.0701301 1432208768
152.816 108.902 0 0 1432208776
116.631 181.027 -14.7788 -14.6371 1432208776
155.036 117.721 0 0 1432208781
89.0013 101.59 -28.294 4.13703 1432208781
176.895 208.263 12.6998 -24.1502 1432208781
163.114 131.888 0 0 1432208787
68.5418 43.479 -41.8422 20.9429 1432208787
167.976 128.358 0 0 1432208792
161.438 33.1541 -3.86956 24.1479 1432208792
172.921 31.4605 -0.924692 26.3831 1432208792
149.834 122.233 0 0 1432208795
167.687 118.248 0 0 1432208802
130.732 189.104 -14.7839 -14.5997 1432208802
149.044 109.058 0 0 1432208807
118.683 117.694 -13.4018 -1.99356 1432208807
160.52 116.157 0 0 1432208812
178.079 110.955 7.05146 0.981854 1432208812
192.836 108.599 14.0806 1.93949 1432208812
134.429 204.167 -9.26563 -20.9335 1432208812
162.894 123.968 0 0 1432208815
163.806 127.116 0 0 1432208823
69.3207 100.984 -41.5362 6.10254 1432208823
154.039 122.562 0 0 1432208829
136.188 145.849 -7.08613 -4.73332 1432208829
114 209 -27.0781 -24.1379 1432208829
164.584 130.193 0 0 1432208834
84.7502 84.1348 -33.4652 10.5428 1432208834
151.778 106.761 0 0 1432208838
156.62 182.683 2.68929 -16.4431 1432208838
163.227 105.255 0 0 1432208844
164.784 102.028 1.15397 0.468528 1432208844
168.193 104.242 2.35536 1.00149 1432208844
123.78 208.073 -17.6405 -26.3392 1432208844
159.872 123.253 0 0 1432208850
115.117 63.0543 -18.451 13.0652 1432208850
100.074 206.723 -26.4477 -23.3612 1432208850
166.516 118.446 0 0 1432208854
178.218 117.491 5.61532 0.00336649 1432208854
71.1418 87.2445 -40.6747 6.82488 1432208854
160.877 116.527 0 0 1432208861
71.861 148.213 -36.9146 -5.77112 1432208861
171.406 127.377 0 0 1432208866
110.298 163.331 -25.3995 -7.72634 1432208866
171.045 116.296 0 0 1432208874
185.796 128.441 6.4323 -3.04818 1432208874
86.4989 102.587 -35.095 3.01033 1432208874
160.945 117.287 0 0 1432208878
143.978 43.7422 -5.88879 17.7593 1432208878
164.085 118.133 0 0 1432208885
146.538 108.96 -8.19774 2.35401 1432208885
149.034 107.792 -7.07289 2.78223 1432208885
113.179 208.402 -25.2221 -22.0007 1432208885
151.842 31.4474 -9.22196 24.3598 1432208885
163.47 133.443 0 0 1432208890
145.725 153.726 -7.10924 -4.73384 1432208890
163.456 112.985 0 0 1432208895
178.169 106.206 7.02908 0.968595 1432208895
117.747 73.4509 -18.3903 8.86935 1432208895
80.8754 204.95 -35.3858 -25.578 1432208895
161.167 104.057 0 0 1432208900
131.118 113.598 -13.4551 -2.04232 1432208900
158.265 129.482 0 0 1432208905
70.6346 156.651 -36.8992 -5.40043 1432208905
164.529 129.267 0 0 1432208909
82.2159 181.754 -33.478 -10.4749 1432208909
161.768 117.6 0 0 1432208916
67.214 181.48 -42.2481 -13.2189 1432208916
165.355 122.351 0 0 1432208921
127.536 191.564 -14.785 -14.4718 1432208921
77.1576 206.92 -39.7678 -23.8779 1432208921
175.215 122.235 0 0 1432208926
173.31 53.6607 -0.000350053 15.0226 1432208926
157.872 121.27 0 0 1432208931
168.138 146.774 5.10803 -4.75728 1432208931
106.434 196.045 -20.5339 -17.2641 1432208931
161.796 118.045 0 0 1432208935
91.8829 79.5069 -29.3034 8.88467 1432208935
162.133 122.875 0 0 1432208940
143.927 114.4 -8.25252 2.34942 1432208940
64.2841 143.159 -45.1448 -3.13294 1432208940
156.068 113.745 0 0 1432208945
168.81 167.804 6.23613 -11.8153 1432208945
150.645 113.89 0 0 1432208949
118.719 121.615 -13.4483 -1.95309 1432208949
167.634 112.103 0 0 1432208954
76.3033 57.1539 -37.7854 11.8337 1432208954
164.69 111.912 0 0 1432208959
120.37 74.5816 -18.5828 8.82007 1432208959
174.301 120.207 0 0 1432208966
121.971 154.998 -21.6687 -6.81774 1432208966
169.188 123.934 0 0 1432208972
156.567 103.542 -5.10804 4.75227 1432208972
106.489 193.942 -25.4576 -15.0839 1432208972
158.956 122.824 0 0 1432208976
104.796 175.819 -22.0414 -10.7912 1432208976
165.207 130.809 0 0 1432208981
178.105 131.418 5.68473 -0.00469498 1432208981
69.7274 163.748 -40.5905 -6.77292 1432208981
154.896 115.301 0 0 1432208986
100.262 206.199 -23.3449 -22.8914 1432208986
169.851 114.225 0 0 1432208991
138.346 125.104 -13.5219 -1.99655 1432208991
118.012 208.639 -24.7584 -23.5815 1432208991
153.327 115.408 0 0 1432208998
147.59 164.638 -1.62921 -10.0264 1432208998
181.462 208.254 -38.5359 -23.8095 1432208998
163.699 134.233 0 0 1432209004
167.247 136.422 1.15577 0.450783 1432209004
170.476 136.879 3.28369 -0.771823 1432209004
167.293 44.1142 3.28313 21.5607 1432209004
164.209 133.204 0 0 1432209009
173.645 128.539 4.10847 0.637448 1432209009
93.0031 54.1623 -29.246 17.0112 1432209009
167.047 119.531 0 0 1432209013
136.375 157.694 -12.4956 -8.54773 1432209013
161.99 106.247 0 0 1432209022
163.606 102.974 1.15506 0.47301 1432209022
165.309 101.642 2.29699 0.932334 1432209022
167.679 99.8578 3.45037 1.39919 1432209022
84.0236 103.305 -31.7172 1.33356 1432209022
171.664 205.836 7.27825 -26.9862 1432209022
168.627 123.336 0 0 1432209028
167.443 69.8565 -2.56136e-06 11.7744 1432209028
89.7204 180.588 -32.1556 -11.2691 1432209028
75.7326 32.3155 -42.1509 25.1657 1432209028
163.834 107.642 0 0 1432209034
167.954 104.39 2.47758 0.634025 1432209034
75.5181 32.3679 -39.3677 21.6806 1432209034
154.842 208.737 8.62975 -26.6648 1432209034
162.9 117.929 0 0 1432209041
143.766 106.101 -8.22688 2.32727 1432209041
128.121 40.5878 -14.1152 19.9837 1432209041
161.248 134.34 0 0 1432209046
161.851 137.469 0.196983 -0.990206 1432209046
165.164 135.745 1.35371 -0.523463 1432209046
170.31 133.976 3.94319 -0.342181 1432209046
155.967 114.237 0 0 1432209051
168.827 167.295 6.23194 -11.6862 1432209051
162.238 131.409 0 0 1432209055
117.016 132.729 -18.9001 0.108049 1432209055
172.268 110.316 0 0 1432209060
173.155 108.985 1.26684 0.177319 1432209060
106.482 91.6933 -26.9706 4.11894 1432209060
168.248 120.002 0 0 1432209065
167.04 68.6486 -2.56136e-06 11.7748 1432209065
73.9936 196.391 -40.0126 -16.6763 1432209065
161.653 119.702 0 0 1432209071
159.325 101.781 -0.656588 3.86094 1432209071
166.985 85.2895 2.68616 8.11604 1432209071
155.164 193.03 -1.18303 -15.7602 1432209071
162.171 105.894 0 0 1432209076
98.877 107.159 -26.6226 -0.00224034 1432209076
131.208 205.445 -12.6229 -27.3293 1432209076
155.662 125.416 0 0 1432209082
131.301 170.701 -9.70831 -9.3353 1432209082
145 209 7.2842 -22.7028 1432209082
162.768 123.734 0 0 1432209087
150.96 87.9648 -4.72108 8.74607 1432209087
165.537 130.415 0 0 1432209092
173.391 130.421 2.74039 -0.000181857 1432209092
177.231 128.231 5.34865 0.00524909 1432209092
135.345 105.577 -12.6996 5.49014 1432209092
159.362 113.273 0 0 1432209098
127.713 105.909 -13.5127 1.77507 1432209098
158.298 127.608 0 0 1432209103
152.665 149.865 -1.76437 -5.03647 1432209103
165.197 133.392 0 0 1432209109
165.401 137.954 0.194623 -1.01043 1432209109
75.4374 168.156 -36.7414 -6.59191 1432209109
173.708 32.0385 1.25699 26.857 1432209109
168.166 119.173 0 0 1432209113
138.823 126.002 -13.3571 -1.86046 1432209113
162.12 123.129 0 0 1432209118
73.6722 47.4714 -37.4893 18.3821 1432209118
158.058 111.902 0 0 1432209125
104.726 187.926 -21.6018 -15.569 1432209125
160.266 135.732 0 0 1432209129
116.279 136.772 -18.8829 0.165678 1432209129
168.957 122.394 0 0 1432209134
67.1033 125.3 -44.4156 0.00854129 1432209134
160.231 132.507 0 0 1432209139
154.409 178.627 -1.62881 -9.88979 1432209139
149.51 114.969 0 0 1432209143
87.2183 194.136 -24.9788 -17.7124 1432209143
163.863 130.595 0 0 1432209149
163.915 135.592 0.198275 -1.03762 1432209149
68.9615 194.888 -42.0943 -14.1724 1432209149
160.05 119.498 0 0 1432209153
72.8517 200.264 -37.5121 -18.729 1432209153
161.18 109.043 0 0 1432209162
158.866 94.0734 -0.656612 3.85457 1432209162
101.822 196.741 -23.9911 -19.0176 1432209162
162.765 117.977 0 0 1432209167
157.122 165.064 -1.62934 -10.0457 1432209167
68.5816 42.2561 -41.6424 18.3882 1432209167
159.944 111.553 0 0 1432209172
174.39 111.246 7.05079 0.971656 1432209172
83.6909 163.569 -30.7015 -10.7391 1432209172
166.241 118.694 0 0 1432209176
137.873 187.906 -11.1917 -14.8098 1432209176
155.029 121.222 0 0 1432209181
74.5607 169.594 -33.4504 -10.3818 1432209181
168.544 126.785 0 0 1432209186
180.34 126.694 5.61513 -8.53788e-06 1432209186
74.3258 128.908 -38.674 0.0695513 1432209186
172.275 125.42 0 0 1432209191
199.486 31.8972 8.25779 24.9496 1432209191
168.663 118.58 0 0 1432209195
140.335 187.822 -11.1927 -14.8444 1432209195
159.767 122.131 0 0 1432209200
72.9013 199.46 -37.4916 -18.3923 1432209200
169.975 126.59 0 0 1432209205
195.955 32.3247 8.25811 24.9737 1432209205
160.803 112.565 0 0 1432209209
172.972 113.234 6.97282 0.79213 1432209209
153.618 111.136 0 0 1432209216
166.529 169.602 6.2412 -12.1671 1432209216
167.678 127.755 0 0 1432209221
179.456 125.337 5.6328 0.0057016 1432209221
77.8631 40.9927 -36.2092 20.8852 1432209221
167.508 107.657 0 0 1432209226
170.036 104.271 1.14098 0.468485 1432209226
176.494 88.228 4.47661 4.55009 1432209226
161.496 121.354 0 0 1432209231
170.638 196.091 5.88584 -17.4707 1432209231
153.397 130.017 0 0 1432209235
145.723 55.9997 -2.6871 16.4421 1432209235
172.832 124.325 0 0 1432209240
130.538 101.546 -18.0414 5.42714 1432209240
161.616 120.515 0 0 1432209246
159.727 102.457 -0.656957 3.88684 1432209246
165.13 100.961 1.82064 4.50721 1432209246
87.0088 202.39 -32.1711 -23.7797 1432209246
160.2 131.362 0 0 1432209251
106.476 196.369 -21.6368 -15.1831 1432209251
167.734 133.613 0 0 1432209256
172.997 132.348 2.60849 0.0150348 1432209256
141.172 34.9929 -10.4588 25.1213 1432209256
165.051 120.242 0 0 1432209261
180.492 158.07 7.36113 -7.08013 1432209261
102.066 206.838 -27.6217 -24.3476 1432209261
162.418 120.318 0 0 1432209266
73.5616 44.2128 -37.5123 18.7279 1432209266
171.567 126.42 0 0 1432209272
73.2335 94.4086 -41.53 6.29599 1432209272
177 31 -1.53498 25.7307 1432209272
164.746 115.987 0 0 1432209277
75.0212 41.9981 -37.5123 18.7206 1432209277
165.168 114.853 0 0 1432209282
172.982 100.307 3.34275 4.25885 1432209282
130.364 208.909 -3.65627 -25.0431 1432209282
157.073 121.822 0 0 1432209286
64.8249 187.855 -42.298 -13.2386 1432209286
169.512 122.914 0 0 1432209292
179.207 122.76 5.632 3.15902e-05 1432209292
98.0924 123.934 -29.4072 -0.00174002 1432209292
130.592 208.789 -18.1668 -21.5863 1432209292
167.976 111.098 0 0 1432209295
171.814 123.828 0 0 1432209300
159.054 103.939 -5.09856 4.68195 1432209300
128.349 114.281 -18.5442 2.59382 1432209300
161.013 133.576 0 0 1432209305
101.199 204.812 -24.9836 -17.7189 1432209305
159.433 130.342 0 0 1432209310
66.4953 192.953 -42.2979 -13.1852 1432209310
162.788 117.203 0 0 1432209314
160.389 102.108 -0.658348 3.67253 1432209314
159.558 118.95 0 0 1432209319
145.296 129.697 -6.3301 -2.75582 1432209319
157.31 122.199 0 0 1432209323
100.637 136.448 -24.2257 -3.3913 1432209323
168.226 116.389 0 0 1432209328
166.511 123.375 0 0 1432209334
138.007 99.083 -12.199 5.82781 1432209334
169.429 107.295 0 0 1432209339
124.706 67.5684 -18.5916 8.85977 1432209339
166.905 131.479 0 0 1432209344
170.81 133.461 2.74748 -0.00244824 1432209344
178.591 206.873 8.63581 -17.7264 1432209344
168.031 122.037 0 0 1432209347
170.167 122.281 0 0 1432209352
152.853 102.604 -7.09341 4.76313 1432209352
116.864 170.11 -21.8711 -9.53286 1432209352
167.092 127.486 0 0 1432209359
122.33 134.357 -18.9593 -0.172277 1432209359
169.172 120.804 0 0 1432209363
88.2758 168.632 -33.4503 -10.3589 1432209363
158.312 108.18 0 0 1432209368
161.994 198.303 3.26888 -20.1433 1432209368
167.292 117.996 0 0 1432209372
178.132 118.261 5.52355 -0.0363125 1432209372
156.165 127.92 0 0 1432209377
166.49 157.621 5.16868 -6.61871 1432209377
158.408 113.569 0 0 1432209383
171.015 168.583 6.23216 -11.7451 1432209383
170.895 115.071 0 0 1432209388
94.0097 23.7157 -32.1563 23.0712 1432209388
92.8359 22.7582 -32.2687 23.2189 1432209388
89.6952 23.6194 -34.1353 23.6661 1432209388
166.97 121.075 0 0 1432209393
149.292 144.558 -7.09341 -4.77048 1432209393
67.2833 219.844 -44.6057 -23.4484 1432209393
161.413 120.526 0 0 1432209399
155.736 142.481 -1.76295 -5.01396 1432209399
99.6604 40.4075 -25.1011 17.7395 1432209399
160.237 123.327 0 0 1432209405
185.808 208.853 13.4128 -18.4668 1432209405
158.266 133.422 0 0 1432209410
65.7404 218.788 -41.8404 -20.8589 1432209410
159.832 114.273 0 0 1432209415
125.107 35.6397 -13.4069 18.0459 1432209415
157.311 118.833 0 0 1432209420
163.181 99.0007 3.34254 4.26128 1432209420
103.857 103.042 -23.1499 4.02126 1432209420
166.903 118.171 0 0 1432209425
136.28 127.694 -13.5108 -2.00785 1432209425
94.0976 220.707 -36.8545 -24.8488 1432209425
157.115 121.413 0 0 1432209429
56.1526 190.374 -42.298 -13.2417 1432209429
160.867 118.495 0 0 1432209435
168.385 134.359 3.34274 -4.25721 1432209435
89.1727 35.6409 -28.8101 18.6409 1432209435
169.245 121.533 0 0 1432209442
151.926 98.1027 -7.08613 4.73311 1432209442
118.247 28.8614 -20.4914 22.7293 1432209442
169.893 114.837 0 0 1432209446
118.016 145.627 -21.6647 -6.68383 1432209446
156.576 117.474 0 0 1432209449
152.647 126.604 0 0 1432209456
101.446 220.436 -23.3362 -22.8372 1432209456
155.183 105.894 0 0 1432209461
160.406 201.355 3.26909 -20.213 1432209461
160.219 117.665 0 0 1432209466
115.975 79.6783 -18.5756 8.80759 1432209466
169.152 112.835 0 0 1432209470
182.988 111.547 6.89503 0.775492 1432209470
168.897 114.38 0 0 1432209475
149.582 106.259 -8.22687 2.31235 1432209475
154.259 182.989 -5.53723 -14.0902 1432209475
158.578 116.981 0 0 1432209480
174.113 111.375 7.02915 0.970021 1432209480
81.9426 32.9815 -30.4834 19.6751 1432209480
173.726 126.137 0 0 1432209484
71.7824 156.723 -41.4839 -6.10482 1432209484
169.967 117.883 0 0 1432209490
153.814 135.425 -7.0934 -4.76599 1432209490
138.526 54.3474 -12.9797 12.9214 1432209490
164.261 135.061 0 0 1432209495
164.274 136.602 0.195831 -0.987908 1432209495
63.8115 108.597 -41.3056 5.27266 1432209495
158.781 112.083 0 0 1432209500
170.112 206.434 7.04704 -21.1591 1432209500
172.381 111.476 0 0 1432209505
135.752 177.069 -14.7818 -14.2992 1432209505
152.651 128.472 0 0 1432209510
101.616 219.704 -23.3436 -22.8128 1432209510
168.252 126.751 0 0 1432209514
179.938 126.542 5.6145 -1.45144e-05 1432209514
95.5963 128.608 -29.3344 0.0517882 1432209514
168.201 109.839 0 0 1432209520
170.871 108.012 1.15501 0.469079 1432209520
173.023 108.138 2.44011 0.620697 1432209520
142.033 118.951 -11.0702 -1.36011 1432209520
155.251 218.886 -2.81117 -26.3023 1432209520
164.286 112.763 0 0 1432209525
93.4987 155.556 -29.3054 -8.94508 1432209525
160.313 115.05 0 0 1432209530
168.879 133.422 3.34288 -4.26129 1432209530
180.135 130.787 8.97558 -4.25852 1432209530
83.2162 105.668 -32.4195 1.89138 1432209530
161.932 118.509 0 0 1432209535
131.62 128.167 -13.5103 -1.98064 1432209535
93 220.75 -36.8543 -24.8498 1432209535
163.855 121.053 0 0 1432209540
133.01 130.611 -13.5103 -1.98051 1432209540
144.36 217.082 -6.46051 -23.2286 1432209540
170.306 119.245 0 0 1432209545
127.647 96.0024 -18.0773 5.49445 1432209545
163.834 112.063 0 0 1432209551
140.18 121.632 -10.236 -1.68748 1432209551
170.787 125.872 0 0 1432209557
131.25 114.222 -16.9571 2.49663 1432209557
61.63 29.7993 -45.439 22.7471 1432209557
160.737 118.83 0 0 1432209561
168.09 134.273 3.32342 -4.03648 1432209561
160.835 119.282 0 0 1432209566
187.43 174.372 12.1798 -11.7211 1432209566
171.717 109.582 0 0 1432209570
136.484 33.1546 -13.4072 18.0253 1432209570
158.191 131.644 0 0 1432209576
168.242 153.502 5.10367 -4.71739 1432209576
186.282 37.3356 13.3616 20.2581 1432209576
162.276 128.598 0 0 1432209581
91.7445 37.8528 -28.4842 20.2953 1432209581
158.169 124.4 0 0 1432209589
117.821 34.1453 -15.7278 21.1917 1432209589
167.885 122.478 0 0 1432209594
66.6225 214.497 -41.8402 -20.7996 1432209594
158.261 126.149 0 0 1432209598
189.235 117.731 13.479 1.98353 1432209598
163.152 130.559 0 0 1432209603
145.524 151.138 -7.08721 -4.61211 1432209603
167.843 119.895 0 0 1432209608
180.544 121.13 5.63273 -0.00739039 1432209608
76.9725 187.378 -36.6625 -13.195 1432209608
154.97 127.903 0 0 1432209613
164.963 148.047 5.10804 -4.75362 1432209613
143.719 35.8769 -3.1505 20.2352 1432209613
159.617 117.484 0 0 1432209618
88.8797 76.859 -29.3193 8.95543 1432209618
159.501 117.508 0 0 1432209624
127.777 112.227 -13.5187 1.77241 1432209624
170.256 117.477 0 0 1432209629
160.433 22.9822 -3.86956 24.1469 1432209629
174.335 91.2926 2.12253 5.98834 1432209629
160.73 116.423 0 0 1432209635
168.212 134.519 3.33932 -4.23181 1432209635
146.835 219.605 -3.70978 -25.5291 1432209635
168.168 122.022 0 0 1432209642
166.523 52.7009 0.000436286 14.9273 1432209642
156.513 118.987 0 0 1432209647
94.0119 203.399 -24.9799 -17.7223 1432209647
141.454 28.918 -4.97959 21.6878 1432209647
167.599 128.085 0 0 1432209653
188.545 158.359 9.74592 -6.78101 1432209653
77.812 47.7679 -36.6171 16.3213 1432209653
152.453 111.822 0 0 1432209656
162.107 123.947 0 0 1432209660
95.3187 141.361 -28.1803 -3.95323 1432209660
157.976 125.459 0 0 1432209665
107.296 97.861 -21.5672 6.37529 1432209665
158.613 112.667 0 0 1432209669
92.0186 96.3677 -28.2225 3.94919 1432209669
167.646 111.471 0 0 1432209676
75.6542 58.8345 -37.7902 11.7501 1432209676
166.096 125.178 0 0 1432209681
178.172 45.6156 5.88696 17.6765 1432209681
151.924 110.247 0 0 1432209686
156.537 187.648 2.68915 -16.4411 1432209686
