x y saccadeNo stepCount
31.8297 -5.64018 
22.8397 -3.68744 
-4.50988 -0.490172 
22.2895 -1.37013 
-1.90848 4.86915 
-30.4906 4.11823 
37.2223 14.0002 
60.0089 -1.29707 
11.8797 3.2475 
-3.09563 -3.07433 
30.8387 -1.35469 
-0.768617 -5.96792 
29.4034 -2.55195 
-3.96837 -2.6289 
33.8029 -1.41415 
5.95638 4.68439 
-16.4185 -3.75025 
-12.308 -0.691466 
7.63896 -0.370437 
-13.8234 4.40177 
-44.8362 3.15969 
36.22 0.999581 
8.14872 3.98982 
-4.4176 4.27463 
7.6388 -0.45366 
-3.08804 4.57281 
-19.8303 3.80451 
-46.8425 3.12219 
-22.1098 -4.11977 
2.87793 -7.10985 
14.5015 1.70848 
-4.14522 -2.82677 
7.39742 -1.76537 
0.126161 3.34939 
9.92699 -1.92268 
-3.04088 -5.89677 
-30.6599 -5.69829 
-53.7551 -7.31628 
17.1301 -1.81983 
0.0102542 -1.14976 
-10.357 -3.39451 
6.14627 -1.58335 
1.18257 -1.45622 
5.09915 1.8475 
1.57354 -0.881404 
-4.28026 -3.55732 
-2.6623 -0.57683 
-33.072 -4.34021 
-58.4392 -10.6629 
-58.4392 -11.9599 
-28.0691 4.65982 
-58.4392 -7.10775 
-5.53924 -3.77099 
2.43946 -0.472561 
20.7153 -1.78092 
-2.44923 -0.108535 
5.87586 -0.282317 
1.4911 -1.12238 
-6.04839 -1.6547 
24.8843 -1.68031 
-9.05013 -1.52756 
-29.9992 -3.20958 
-29.9992 -5.19891 
1.99886 -2.00043 
-4.46826 -1.49463 
9.60122 -1.22939 
-2.56597 -1.3428 
8.76768 -1.27786 
-2.98188 -1.43518 
-28.6339 -2.71202 
-20.0003 -27.9999 
-12.4218 -34.9996 
-12.3161 -34.9996 
-12.6434 -34.9996 
-12.6706 -34.9996 
-12.8377 -34.9996 
-19.0014 14.9999 
-19.1446 -2.45317 
-19.1446 -2.45317 
-7.14784 -1.75805 
6.54834 -0.45835 
-15.6298 -1.53305 
-12.1985 -1.35104 
23.0808 -1.62085 
-10.178 2.63421 
-50.5437 -6.9111 
-62.1592 -29.5704 
-63.4992 -45.8796 
-63.4992 -45.8796 
22.63 0.509609 
-8.83146 -1.36658 
-1.90831 1.48531 
7.99165 0.0219512 
2.25346 3.43628 
-2.71303 -1.21945 
-4.24604 -1.42695 
-5.36687 3.23872 
-4.23486 -3.92139 
-28.1442 2.69457 
-5.2877 -5.62982 
-2.3998 -0.155182 
-9.64258 3.55488 
-8.51332 -3.60492 
0.418267 0.577136 
-6.41064 -0.727745 
1.1965 -2.77073 
-8.95685 -0.878292 
22.3683 -1.85409 
-13.3228 -5.84006 
-36.193 2.78597 
-0.619235 6.16213 
45.3803 -1.86781 
1.56145 -5.42939 
15.5089 1.73409 
12.21 -0.185365 
2.70713 -2.41244 
8.84289 -1.16811 
-2.33352 -1.39585 
-15.0071 -3.06976 
-54.315 -13.1676 
44.0603 14.0002 
49.058 6.12521 
54.458 7.46441 
42.2497 -2.29163 
11.8797 3.03896 
52.5409 -0.365057 
54.4614 5.47324 
54.4597 7.28056 
-3.50026 -6.27126 
-1.90377 -0.175304 
-11.0862 -2.62646 
-9.78356 -0.21701 
-7.04664 -0.454692 
2.76731 2.43287 
-8.3415 -1.18561 
**************END**************
