x y radius usage
158.58 122.77 3.4 7
176.15 108.26 5.1 11
164.87 89.24 6.2 8
138.38 53.47 10.1 2
125.08 94.63 7.4 29
187.82 34.37 12 2
110.03 145.45 8.7 30
189.6 61.89 9.6 14
189.6 61.89 9.6 14
137.98 142.01 6.2 19
164.87 89.24 6.2 8
76.65 36.65 14.7 -1
156.28 125.11 3.7 6
148.29 46.12 10.5 3
160.48 116.91 3.4 5
160 76.84 7.4 -1
157.22 118.58 3.4 8
176.05 97.89 5.8 0
155.63 111.44 4 11
160 68.33 8.3 -3
149.5 127.62 4.4 13
147.66 115.99 4.4 6
137.89 136.05 5.8 4
151.44 115.63 4 10
149.28 98.97 5.5 -2
153.67 120 3.7 8
144.03 70.86 8.3 -1
170.49 127.62 4.4 14
144.03 70.86 8.3 -1
167.62 130.49 4.4 7
152.59 73.22 7.8 0
129.24 124.87 6.2 4
164 132.33 4.4 12
147.66 124 4.4 8
152.54 134.63 4.7 18
160 126.32 3.7 12
107.08 47.16 12 5
163.08 120.48 3.4 11
162.77 118.58 3.4 6
152.37 109.5 4.4 2
168.55 115.63 4 28
140.03 120 5.1 24
150.51 121.5 4 16
163.69 96.69 5.5 -1
168.55 124.36 4 10
151.44 124.36 4 3
134.54 70.03 8.7 1
164.36 128.55 4 20
128.85 24.14 13.1 4
162.2 122.2 3.4 7
160 132.97 4.4 13
107.08 47.16 12 5
161.41 117.22 3.4 6
156.3 143.3 5.5 8
160 50.04 10.1 0
152.54 105.36 4.7 6
155.99 132.33 4.4 9
153.89 81.42 7 1
103.4 78.88 10.1 -1
166.32 120 3.7 15
160 76.84 7.4 -1
165.11 123.71 3.7 11
111.71 25.24 13.6 -2
164 107.66 4.4 5
160 132.97 4.4 13
152.37 130.49 4.4 12
107.11 67.11 10.5 2
113.11 55.47 11 8
168.44 94.01 5.8 4
126.66 109.17 6.6 18
132.25 134.13 6.2 2
126.66 109.17 6.6 18
166.01 121.95 3.7 18
174.91 25.82 12.6 -3
172.97 120 4.4 16
137.89 103.94 5.8 15
137.89 103.94 5.8 15
138.97 109.28 5.5 6
182.1 103.94 5.8 0
100.01 60.01 11.5 2
95.47 73.11 11 3
160 107.02 4.4 0
95.47 73.11 11 3
147.02 120 4.4 14
100.76 38.46 13.1 15
138.97 130.71 5.5 2
135.35 44.14 11 0
158.04 126.01 3.7 9
158.49 110.51 4 0
156.91 120.48 3.4 5
132.38 92.38 7 5
161.5 110.51 4 10
124.38 70.97 9.1 0
171.7 46.12 10.5 1
154.88 123.71 3.7 10
153.89 81.42 7 1
185.98 128.44 5.8 11
95.47 73.11 11 3
145.36 112.54 4.7 16
153.2 113.2 4 5
160.48 123.08 3.4 6
162.56 136.22 4.7 22
111.71 25.24 13.6 -2
129.24 115.12 6.2 7
157.79 117.79 3.4 3
180.59 91.64 6.6 10
158.58 117.22 3.4 7
163.71 114.88 3.7 6
154.88 116.28 3.7 1
116.71 35.04 12.6 2
148.38 131.61 4.7 11
155.63 128.55 4 9
160 50.04 10.1 0
153.82 138.99 5.1 20
162.77 121.41 3.4 11
135.35 44.14 11 0
153.98 121.95 3.7 5
171.73 136.15 5.1 17
176.15 131.73 5.1 8
120.34 80.34 8.7 1
116.71 35.04 12.6 2
158.49 129.479 4 7
146.66 78.95 7.4 -1
156.28 114.88 3.7 2
116.71 35.04 12.6 2
118.88 63.4 10.1 -3
161.95 113.98 3.7 3
182.1 136.05 5.8 7
181.02 109.28 5.5 20
43.59 101.56 14.7 2
149.5 112.37 4.4 4
167.4 73.22 7.8 -1
170.71 98.97 5.5 5
155.99 107.66 4.4 4
148.29 46.12 10.5 3
150.51 118.49 4 4
111.71 25.24 13.6 -2
167.45 105.36 4.7 17
187.82 34.37 12 2
166.1 81.42 7 9
173.33 78.95 7.4 1
161.95 126.01 3.7 9
153.98 118.04 3.7 9
148.29 46.12 10.5 3
108.33 119.99 8.3 7
145.36 127.45 4.7 -2
118.2 89.63 8.3 0
148.29 46.12 10.5 3
163.69 96.69 5.5 -1
116.84 120 7.4 6
103.4 78.88 10.1 -1
152.54 105.36 4.7 6
156.3 96.69 5.5 4
174.63 112.54 4.7 10
153.2 126.79 4 8
121.42 113.89 7 10
153.82 101 5.1 5
143.77 117.43 4.7 1
149.28 98.97 5.5 -2
172.97 120 4.4 16
131.64 99.4 6.6 4
148.29 46.12 10.5 3
47.96 119.99 14.2 8
172.33 124 4.4 7
100.76 38.46 13.1 15
173.27 36.21 11.5 -2
149.79 55.58 9.6 -2
169.48 121.5 4 10
157.79 117.79 3.4 3
100.76 38.46 13.1 15
141 113.82 5.1 11
174.91 25.82 12.6 -3
184.64 44.14 11 -1
166.79 126.79 4 7
162.2 122.2 3.4 7
103.4 78.88 10.1 -1
145.36 127.45 4.7 -2
136.69 123.69 5.5 11
181.5 77.8 7.8 10
153.89 81.42 7 1
130.39 61.89 9.6 -1
170.82 86.66 6.6 17
177.72 85.2 7 3
160 113.67 3.7 6
118.88 63.4 10.1 -3
176.05 142.1 5.8 14
148.26 103.84 5.1 0
160 100.03 5.1 1
99.4 119.99 9.1 17
170.2 55.58 9.6 2
178.72 62.37 9.1 2
148.38 131.61 4.7 11
187.74 105.86 6.2 6
136.69 116.3 5.5 9
157.43 136.22 4.7 11
101.89 90.39 9.6 13
166.1 81.42 7 9
111.71 25.24 13.6 -2
190.36 78.2 8.3 2
39.45 32.41 17.8 0
190.36 78.2 8.3 2
165.11 116.28 3.7 9
173.27 36.21 11.5 -2
149.28 141.02 5.5 29
157.22 121.41 3.4 3
129.63 78.2 8.3 1
131.64 140.59 6.6 8
156.91 120.48 3.4 5
170.49 112.37 4.4 8
135.35 44.14 11 0
117.8 141.5 7.8 36
145.08 25.82 12.6 10
177.72 85.2 7 3
76.65 36.65 14.7 -1
143.84 108.26 5.1 8
125.2 137.72 7 5
125.2 137.72 7 5
156.91 119.51 3.4 5
146.72 36.21 11.5 5
135.35 44.14 11 0
160 50.04 10.1 0
189.6 61.89 9.6 14
155.12 89.24 6.2 0
160 59.4 9.1 -1
160 84.95 6.6 3
100.76 38.46 13.1 15
135.35 44.14 11 0
124.38 70.97 9.1 0
132.25 134.13 6.2 2
166.17 101 5.1 10
116.71 35.04 12.6 2
190.75 124.87 6.2 4
160 29.97 12 3
130.39 61.89 9.6 -1
161.41 122.77 3.4 8
74.37 92.17 12 -3
160 68.33 8.3 -3
168.77 64.61 8.7 8
168.77 64.61 8.7 8
158.58 117.22 3.4 7
132.17 34.37 12 2
143.77 122.56 4.7 8
187.61 92.38 7 10
160 92.67 5.8 8
166.79 126.79 4 7
170.82 86.66 6.6 17
135.35 44.14 11 0
146.72 36.21 11.5 5
182.01 97.98 6.2 0
65.82 134.91 12.6 18
145.36 112.54 4.7 16
113.88 73.88 9.6 6
185.36 85.08 7.4 20
132.17 34.37 12 2
183.3 123.69 5.5 8
146.66 78.95 7.4 -1
59.23 19.23 17.1 0
59.23 19.23 17.1 0
49.86 39.98 16.5 -2
167.62 109.5 4.4 5
184.64 44.14 11 -1
117.8 98.49 7.8 4
145.08 25.82 12.6 10
146.72 36.21 11.5 5
138.49 77.8 7.8 0
162.77 118.58 3.4 6
171.7 46.12 10.5 1
113.11 55.47 11 8
86.12 131.7 10.5 14
132.17 34.37 12 2
162.2 117.79 3.4 4
166.1 81.42 7 9
84.14 95.35 11 19
64.14 88.85 13.1 10
160 76.84 7.4 -1
163.71 125.11 3.7 7
111.71 25.24 13.6 -2
76.65 36.65 14.7 -1
92.58 52.58 12.6 1
124.95 120 6.6 13
160 40.24 11 2
181.02 109.28 5.5 20
175.96 70.86 8.3 1
170.71 141.02 5.5 19
126.04 53.35 10.5 18
173.27 36.21 11.5 -2
135.35 44.14 11 0
148.38 108.38 4.7 2
121.48 44.41 11.5 -2
174.91 25.82 12.6 -3
157.79 122.2 3.4 4
132.17 34.37 12 2
118.95 133.33 7.4 3
49.86 39.98 16.5 -2
171.73 103.84 5.1 5
76.21 106.72 11.5 21
161.5 129.479 4 9
110.97 84.38 9.1 0
129.24 124.87 6.2 4
132.17 34.37 12 2
113.88 73.88 9.6 6
135.35 44.14 11 0
84.41 81.48 11.5 22
99.4 119.99 9.1 17
145.08 25.82 12.6 10
103.4 78.88 10.1 -1
173.33 78.95 7.4 1
113.22 127.4 7.8 4
113.11 55.47 11 8
184.64 44.14 11 -1
160 29.97 12 3
148.38 108.38 4.7 2
158.04 113.98 3.7 7
130.39 61.89 9.6 -1
69.97 119.99 12 16
76.65 36.65 14.7 -1
95.58 109.79 9.6 12
178.99 126.17 5.1 8
95.58 109.79 9.6 12
93.35 86.04 10.5 9
174.63 127.45 4.7 10
173.27 36.21 11.5 -2
182.01 142.01 6.2 1
157.79 117.79 3.4 3
138.49 77.8 7.8 0
143.94 142.1 5.8 0
143.94 142.1 5.8 0
84.14 144.64 11 29
92.58 52.58 12.6 1
143.31 136.68 5.5 1
152.54 134.63 4.7 18
187.74 134.13 6.2 -1
171.7 46.12 10.5 1
78.46 60.76 13.1 30
107.08 47.16 12 5
181.02 109.28 5.5 20
179.96 120 5.1 12
159.51 123.08 3.4 6
171.61 108.38 4.7 6
170.2 55.58 9.6 2
132.67 120 5.8 6
74.37 147.82 12 15
171.7 46.12 10.5 1
104.61 111.22 8.7 4
84.14 95.35 11 19
166.79 113.2 4 4
162.56 136.22 4.7 22
187.74 105.86 6.2 6
126.04 53.35 10.5 18
181.61 53.47 10.1 1
155.12 89.24 6.2 0
162.56 103.77 4.7 2
110.86 104.03 8.3 8
160 50.04 10.1 0
110.86 135.96 8.3 7
146.72 36.21 11.5 5
121.48 44.41 11.5 -2
86.12 108.29 10.5 13
153.89 81.42 7 1
90.04 119.99 10.1 10
84.8 44.8 13.6 1
113.22 112.59 7.8 5
92.58 52.58 12.6 1
86.12 131.7 10.5 14
170.2 55.58 9.6 2
121.42 126.1 7 0
160 50.04 10.1 0
135.35 44.14 11 0
160 139.96 5.1 7
152.59 73.22 7.8 0
134.01 128.44 5.8 1
178.99 126.17 5.1 8
174.13 92.25 6.2 5
160 50.04 10.1 0
137.89 136.05 5.8 4
100.76 38.46 13.1 15
184.64 44.14 11 -1
108.33 119.99 8.3 7
160 40.24 11 2
160 59.4 9.1 -1
100.01 60.01 11.5 2
120.34 80.34 8.7 1
76.21 133.27 11.5 3
126.04 53.35 10.5 18
116.71 35.04 12.6 2
132.17 34.37 12 2
132.17 34.37 12 2
93.47 141.61 10.1 16
167.45 134.63 4.7 15
110.03 94.54 8.7 0
76.65 36.65 14.7 -1
148.26 136.15 5.1 7
160 40.24 11 2
121.48 44.41 11.5 -2
134.01 128.44 5.8 1
185.45 70.03 8.7 4
84.8 44.8 13.6 1
176.22 122.56 4.7 3
139.4 91.64 6.6 0
139.4 91.64 6.6 0
134.54 70.03 8.7 1
141.27 62.37 9.1 8
93.47 98.38 10.1 6
176.05 97.89 5.8 0
141 126.17 5.1 1
160 59.4 9.1 -1
107.08 47.16 12 5
166.17 138.99 5.1 11
84.8 44.8 13.6 1
171.7 46.12 10.5 1
107.08 47.16 12 5
92.58 52.58 12.6 1
80.24 119.99 11 5
80.24 119.99 11 5
102.37 138.72 9.1 4
107.11 67.11 10.5 2
160 68.33 8.3 -3
137.98 97.98 6.2 6
148.29 46.12 10.5 3
173.33 78.95 7.4 1
125.2 102.27 7 3
135.35 44.14 11 0
134.54 70.03 8.7 1
100.76 38.46 13.1 15
171.61 131.61 4.7 4
164.36 111.44 4 2
113.11 55.47 11 8
132.17 34.37 12 2
117.8 98.49 7.8 4
138.38 53.47 10.1 2
151.22 64.61 8.7 0
145.86 92.25 6.2 3
146.72 36.21 11.5 5
113.11 55.47 11 8
76.65 36.65 14.7 -1
74.37 92.17 12 -3
104.61 128.77 8.7 0
104.61 128.77 8.7 0
160 59.4 9.1 -1
157.43 103.77 4.7 7
126.51 86.51 7.8 5
141.27 62.37 9.1 8
145.86 92.25 6.2 3
170.2 55.58 9.6 2
184.64 44.14 11 -1
159.51 116.91 3.4 1
95.58 130.2 9.6 0
95.58 130.2 9.6 0
181.61 53.47 10.1 1
87.16 67.08 12 13
176.68 103.31 5.5 5
188.35 140.59 6.6 1
132.17 34.37 12 2
152.59 73.22 7.8 0
54.98 66.49 14.7 8
160 29.97 12 3
126.04 53.35 10.5 18
113.11 55.47 11 8
69.35 54.14 14.2 10
160 29.97 12 3
54.96 103.36 13.6 0
121.48 44.41 11.5 -2
65.82 105.08 12.6 3
160 29.97 12 3
157.43 103.77 4.7 7
175.96 70.86 8.3 1
171.61 131.61 4.7 4
139.4 148.35 6.6 3
139.4 148.35 6.6 3
126.04 186.64 10.5 16
184.64 44.14 11 -1
130.39 178.1 9.6 13
170.71 98.97 5.5 5
166.1 158.57 7 3
84.14 144.64 11 29
84.8 44.8 13.6 1
171.7 193.87 10.5 4
116.71 35.04 12.6 2
184.64 195.85 11 14
184.64 195.85 11 14
118.95 106.66 7.4 3
187.82 34.37 12 2
174.91 25.82 12.6 -3
144.03 70.86 8.3 -1
121.48 195.58 11.5 7
126.66 130.82 6.6 1
69.35 185.85 14.2 7
143.77 117.43 4.7 1
168.44 145.98 5.8 3
168.44 145.98 5.8 3
64.14 151.14 13.1 4
126.51 153.48 7.8 0
126.51 153.48 7.8 0
160 189.95 10.1 18
84.8 195.19 13.6 9
167.45 134.63 4.7 15
65.239 168.28 13.6 2
163.69 143.3 5.5 2
68.14 28.14 15.9 15
151.55 145.98 5.8 5
134.54 169.96 8.7 -1
149.79 184.41 9.6 0
174.63 112.54 4.7 10
151.22 175.38 8.7 0
168.77 175.38 8.7 8
68.14 28.14 15.9 15
160 171.66 8.3 6
116.71 35.04 12.6 2
68.14 28.14 15.9 15
171.7 193.87 10.5 4
134.54 70.03 8.7 1
126.04 53.35 10.5 18
193.33 130.82 6.6 0
193.33 130.82 6.6 0
87.16 172.91 12 3
113.88 166.11 9.6 4
116.71 35.04 12.6 2
160 29.97 12 3
149.79 55.58 9.6 -2
65.239 71.71 13.6 7
174.13 147.74 6.2 0
59.21 119.99 13.1 5
87.22 19.83 15.3 4
181.61 186.52 10.1 3
92.58 187.41 12.6 8
100.01 179.98 11.5 0
100.01 179.98 11.5 0
179.4 114.692 4.7 0
179.4 114.692 4.7 0
160 155.04 6.6 3
94.14 29.35 14.2 -3
145.08 25.82 12.6 10
100.01 60.01 11.5 2
162.56 103.77 4.7 2
68.14 28.14 15.9 15
121.48 44.41 11.5 -2
69.97 119.99 12 16
101.89 149.6 9.6 3
111.71 25.24 13.6 -2
145.86 147.74 6.2 0
116.71 35.04 12.6 2
95.47 166.88 11 3
142.27 154.79 7 -1
128.85 24.14 13.1 4
69.35 185.85 14.2 7
103.4 161.11 10.1 0
103.4 161.11 10.1 0
128.85 24.14 13.1 4
160 163.15 7.4 0
152.59 166.77 7.8 0
152.59 166.77 7.8 0
111.71 25.24 13.6 -2
144.03 169.13 8.3 3
94.14 29.35 14.2 -3
76.65 36.65 14.7 -1
54.98 173.5 14.7 1
111.71 25.24 13.6 -2
178.72 177.62 9.1 2
178.72 177.62 9.1 2
160 29.97 12 3
94.14 29.35 14.2 -3
124.38 169.02 9.1 2
124.38 169.02 9.1 2
78.46 179.23 13.1 1
187.32 120 5.8 6
195.04 120 6.6 1
195.04 120 6.6 1
102.37 101.27 9.1 1
173.27 36.21 11.5 -2
136.69 116.3 5.5 9
135.35 195.85 11 1
116.71 35.04 12.6 2
132.17 34.37 12 2
174.91 25.82 12.6 -3
138.49 162.19 7.8 0
138.49 162.19 7.8 0
143.31 103.31 5.5 1
53.44 154.62 14.2 1
68.14 28.14 15.9 15
149.17 153.33 6.6 0
153.89 158.57 7 0
153.89 158.57 7 0
170.2 184.41 9.6 -1
188.35 99.4 6.6 1
75.04 163.28 12.6 1
184.64 44.14 11 -1
125.08 145.36 7.4 -1
132.17 34.37 12 2
132.17 34.37 12 2
107.11 172.88 10.5 0
164.87 150.75 6.2 0
59.83 47.22 15.3 -4
185.45 169.96 8.7 3
171.61 108.38 4.7 6
185.45 169.96 8.7 3
90.04 119.99 10.1 10
171.7 46.12 10.5 1
93.35 153.95 10.5 1
102.37 138.72 9.1 4
84.41 158.51 11.5 4
54.96 136.63 13.6 7
94.14 29.35 14.2 -3
107.08 47.16 12 5
120.34 159.65 8.7 0
120.34 159.65 8.7 0
100.76 201.53 13.1 1
173.27 36.21 11.5 -2
146.72 36.21 11.5 5
