x y saccadeNo stepCount
4.6277 -3.36012 
14.7579 -3.25009 
16.8096 -4.34044 
41.8161 -0.743717 
-44.462 -8.41071 
-22.8692 -1.3241 
26.2193 -5.00044 
-14.3518 4.85451 
-48.1192 3.15146 
-22.8392 -2.12897 
15.5402 -2.16781 
16.7608 1.75023 
8.48937 -0.952378 
1.89952 -0.356949 
8.02532 0.00945268 
7.46322 -1.23317 
2.92015 -0.174389 
-2.5136 4.34506 
32.3506 -1.85774 
4.35751 -0.313961 
-20.2871 4.79506 
-22.4107 -7.45978 
48.7602 -3.99982 
-2.23998 -3.25009 
-0.289916 -2.62982 
12.9706 -0.615497 
-20.7208 -3.00013 
20.7576 -3.99982 
-2.75077 -4.23981 
-2.28089 3.02668 
-7.10011 -3.41337 
-9.343 7.34739 
-13.3842 -6.46006 
14.9979 11.9999 
-15.9996 -18.9999 
-29.9992 -6.31386 
20.0008 3.99959 
30.0014 -0.173898 
29.9997 -2.45866 
10.999 -6.00014 
13.0001 -2.00043 
3.43069 -0.594631 
5.0398 -1.55683 
12.0183 -2.97086 
21.0013 -3.00013 
1.99886 -18.9999 
-3.29552 -0.233349 
-2.71256 -0.838839 
3.29773 -2.1047 
3.29773 -2.1047 
-6.86829 -2.79067 
3.16478 0.151713 
6.64209 -0.410789 
-9.17627 -2.04433 
30.387 -1.90348 
-11.4785 -2.00134 
-47.213 -6.6175 
-22.8392 -1.92318 
-16.8677 -1.24323 
4.33511 -6.46146 
44.1786 -2.53092 
43.2557 -1.16994 
47.0297 -0.0165277 
22.838 -3.67921 
1.36709 -2.14677 
8.24222 -1.78263 
11.5914 -7.97701 
9.27818 0.510674 
0.588304 -0.379268 
10.7394 -1.44628 
1.51734 -2.52494 
11.9179 -2.83092 
1.86642 -1.85774 
-28.2173 -5.33061 
53.7624 -13.9995 
50.6597 0.278105 
49.0597 0.277933 
65.218 -1.90896 
22.8414 -3.50634 
-9.66581 -2.80983 
-5.55079 -2.89151 
-7.24006 0.205308 
-6.01725 -4.70696 
4.97115 -1.12342 
-15.0008 -6.47009 
-2.51992 -1.08979 
14.9979 8.43073 
-7.78337 0.133109 
-35.7669 2.92866 
-44.7192 2.04786 
-22.8392 -2.2808 
64.7603 -15.9999 
21.618 -2.5219 
-17.6555 -7.31713 
4.15596 0.499698 
1.03469 3.37592 
11.7534 -7.01116 
-3.24692 -1.39079 
-6.82955 -0.73378 
14.1975 0.00670877 
1.81394 -2.37402 
-5.43351 -0.235303 
-15.0855 -2.81823 
-55.4418 -12.3884 
42.8912 6.9996 
1.55974 -5.42847 
-26.1735 -4.04097 
-54.6142 -8.54098 
-0.619235 4.88804 
2.70238 -0.110671 
-8.31459 -2.18561 
-6.86571 -1.85177 
-5.28876 -0.349267 
-6.8623 -1.93774 
12.1799 2.56092 
**************END**************
