inpX inpY inpRad outpX outpY outpRad lnkUsg
152.37 109.5 4.4 1.22 0.62 2.6 5
160 76.84 7.4 -7.34 46.39 6.5 0
100.01 60.01 11.5 0 35.22 5.5 -1
100.01 60.01 11.5 -13.07 25.66 5 0
226.64 86.04 10.5 32.14 44.24 7.1 0
209.96 94.54 8.7 18.63 9.49 4.3 1
178.72 62.37 9.1 35.34 48.64 7.6 0
178.72 62.37 9.1 8.26 25.45 4.8 0
226.64 86.04 10.5 41.59 6.58 6.1 0
113.22 112.59 7.8 -10.29 -1.63 3.4 3
185.45 70.03 8.7 0 39.76 5.9 0
185.45 70.03 8.7 11.24 22.06 4.6 2
216.59 78.88 10.1 39.76 0 5.9 0
151.22 64.61 8.7 3.87 24.46 4.6 0
167.4 73.22 7.8 12.28 37.81 5.9 0
167.4 73.22 7.8 2.69 17.03 4 2
160 76.84 7.4 2.69 17.03 4 0
212.88 67.11 10.5 18.15 24.99 5.2 0
224.52 73.11 11 18.15 24.99 5.2 0
232.83 67.08 12 18.15 24.99 5.2 0
201.11 63.4 10.1 9.54 29.38 5.2 0
212.88 67.11 10.5 9.54 29.38 5.2 0
216.59 78.88 10.1 5.16 32.619 5.3 0
121.42 113.89 7 -10.29 -1.63 3.4 1
141.27 177.62 9.1 -5.86 -37 5.7 -1
155.99 107.66 4.4 1.22 0.62 2.6 3
157.43 103.77 4.7 0.86 2.65 2.8 8
141.27 177.62 9.1 0 -39.76 5.9 0
187.32 120 5.8 7.16 1.13 3.2 4
167.45 105.36 4.7 1.22 0.62 2.6 3
187.32 120 5.8 4.63 -3.36 3 0
229.95 120 10.1 35.22 0 5.5 -1
158.49 110.51 4 1.22 0.62 2.6 3
149.28 98.97 5.5 -3.36 4.63 3 6
120.34 80.34 8.7 5.16 32.619 5.3 0
101.89 90.39 9.6 -15.36 7.83 4 1
232.83 67.08 12 24.99 18.15 5.2 0
110.97 84.38 9.1 -15.42 11.2 4.2 4
107.11 67.11 10.5 -15.29 47.06 6.7 0
132.38 92.38 7 -7.37 7.37 3.4 4
206.11 73.88 9.6 10.88 33.5 5.5 -1
173.33 78.95 7.4 2.69 17.03 4 0
182.1 103.94 5.8 7.13 5.18 3.3 2
162.2 117.79 3.4 1.22 0.62 2.6 0
182.1 103.94 5.8 5.13 5.13 3.2 0
153.2 113.2 4 1.22 0.62 2.6 4
134.63 85.08 7.4 -6.24 12.25 3.7 3
209.02 84.38 9.1 14.79 14.79 4.3 2
134.63 85.08 7.4 -4.73 9.28 3.4 0
166.17 101 5.1 4.63 3.36 3 1
93.35 153.95 10.5 -18.46 -13.41 4.5 6
138.97 130.71 5.5 -5.13 -5.13 3.2 1
138.97 130.71 5.5 -3.36 -4.63 3 0
99.4 119.99 9.1 -14.72 4.78 3.9 0
163.71 114.88 3.7 1.22 0.62 2.6 1
160 107.02 4.4 1.22 0.62 2.6 4
153.98 118.04 3.7 1.22 0.62 2.6 4
107.11 67.11 10.5 -10.88 33.5 5.5 0
148.26 103.84 5.1 -3.36 4.63 3 3
110.86 104.03 8.3 -13.58 2.15 3.7 3
158.58 122.77 3.4 1.22 0.62 2.6 1
148.38 108.38 4.7 -2.99 2.99 2.9 7
148.38 108.38 4.7 1.22 0.62 2.6 0
132.38 147.61 7 -5.86 -37 5.7 -1
157.43 103.77 4.7 1.22 0.62 2.6 2
132.38 147.61 7 -6.58 -41.59 6.1 0
145.36 112.54 4.7 -3.77 1.92 2.9 1
145.36 112.54 4.7 1.22 0.62 2.6 0
156.91 120.48 3.4 1.22 0.62 2.6 2
129.63 161.79 8.3 -6.24 -12.25 3.7 2
162.56 103.77 4.7 0.86 2.65 2.8 1
158.04 113.98 3.7 1.22 0.62 2.6 1
176.68 103.31 5.5 7.13 5.18 3.3 8
244.95 76.71 12.6 33.5 10.88 5.5 -1
147.02 120 4.4 1.22 0.62 2.6 0
191.234 113.842 5.8 10.29 1.63 3.4 2
244.95 76.71 12.6 37.81 12.28 5.9 0
176.05 97.89 5.8 7.13 5.18 3.3 1
147.66 115.99 4.4 1.22 0.62 2.6 2
209.02 84.38 9.1 23.63 46.38 6.9 0
138.38 53.47 10.1 15.29 47.06 6.7 0
138.38 53.47 10.1 13.75 42.33 6.3 0
165.11 116.28 3.7 1.22 0.62 2.6 2
143.94 97.89 5.8 -3.36 4.63 3 3
126.04 53.35 10.5 -10.88 33.5 5.5 -1
156.28 114.88 3.7 1.22 0.62 2.6 6
149.79 55.58 9.6 0 30.89 5.2 -1
132.67 120 5.8 -7.16 -1.13 3.2 5
149.5 112.37 4.4 1.22 0.62 2.6 2
141 113.82 5.1 -3.77 1.92 2.9 3
108.33 119.99 8.3 -15.47 0 3.9 4
157.22 121.41 3.4 1.22 0.62 2.6 1
116.84 120 7.4 -10.29 -1.63 3.4 2
154.88 116.28 3.7 1.22 0.62 2.6 3
153.98 121.95 3.7 1.22 0.62 2.6 1
193.48 86.51 7.8 12.52 9.09 3.9 0
259.087 90.859 12.6 29.38 9.54 5.2 0
259.032 90.838 12.6 29.38 9.54 5.2 -1
259.066 91.016 12.6 29.38 9.54 5.2 1
162.77 118.58 3.4 1.22 0.62 2.6 2
170.2 184.41 9.6 2.69 -17.03 4 -1
189.6 61.89 9.6 7.83 15.36 4 4
156.3 96.69 5.5 -3.36 4.63 3 2
170.82 86.66 6.6 2.72 8.38 3.3 2
168.77 64.61 8.7 0 22.81 4.5 -1
138.49 162.19 7.8 -6.24 -12.25 3.7 4
190.36 78.2 8.3 4.73 9.28 3.4 0
155.12 150.75 6.2 -15.73 21.65 4.8 0
160 155.04 6.6 -1.63 -10.29 3.4 4
170.82 86.66 6.6 1.13 7.16 3.2 0
181.61 53.47 10.1 4.5 28.44 5 0
158.49 129.479 4 1.22 0.62 2.6 2
218.1 149.6 9.6 16.767 -3.75 3.4 0
218.1 149.6 9.6 16.766 -3.75 3.4 0
224.52 166.88 11 18.63 -9.49 4.3 0
181.61 53.47 10.1 5.16 32.619 5.3 0
158.58 117.22 3.4 1.22 0.62 2.6 0
136.69 123.69 5.5 -7.16 -1.13 3.2 1
143.77 117.43 4.7 -5.72 0 3 0
143.77 117.43 4.7 -4.19 0.66 2.9 0
201.79 89.63 8.3 9.76 7.09 3.6 0
168.77 64.61 8.7 -13.75 42.33 6.3 0
121.42 126.1 7 -10.29 -1.63 3.4 2
162.2 122.2 3.4 1.22 0.62 2.6 2
155.63 111.44 4 1.22 0.62 2.6 4
224.41 130.2 9.6 19.06 0 4.2 2
113.22 112.59 7.8 -13.41 18.46 4.5 0
126.66 130.82 6.6 -10.29 -1.63 3.4 3
161.5 129.479 4 1.22 0.62 2.6 0
129.24 124.87 6.2 -7.16 -1.13 3.2 3
235.58 81.48 11.5 21.7 7.05 4.5 2
161.5 110.51 4 1.22 0.62 2.6 2
124.38 70.97 9.1 -8.26 25.45 4.8 0
102.37 138.72 9.1 -37 -5.86 5.7 0
155.99 132.33 4.4 1.22 0.62 2.6 0
102.37 138.72 9.1 -35.22 0 5.5 0
156.91 119.51 3.4 1.22 0.62 2.6 3
129.24 115.12 6.2 -7.16 -1.13 3.2 4
107.11 172.88 10.5 -13.41 -18.46 4.5 2
84.41 158.51 11.5 -25.66 -13.07 5 3
138.38 186.52 10.1 -3.27 -20.66 4.3 3
101.89 149.6 9.6 -15.42 -11.2 4.2 4
138.49 77.8 7.8 -6.24 12.25 3.7 1
156.28 125.11 3.7 1.22 0.62 2.6 1
212.91 47.16 12 14.99 29.43 5.3 0
212.91 47.16 12 13.07 25.66 5 0
155.12 89.24 6.2 -3.36 4.63 3 -1
160 92.67 5.8 -1.13 7.16 3.2 0
167.62 109.5 4.4 1.22 0.62 2.6 5
160 92.67 5.8 -3.36 4.63 3 0
215.427 108.945 8.7 17.03 2.69 4 4
153.89 81.42 7 -1.13 7.16 3.2 2
160 68.33 8.3 0 30.89 5.2 -1
215.427 108.945 8.7 19.06 0 4.2 0
126.04 53.35 10.5 -12.28 37.81 5.9 0
113.22 127.4 7.8 -15.47 0 3.9 4
166.79 126.79 4 1.22 0.62 2.6 3
233.87 131.7 10.5 19.06 0 4.2 -1
227.41 52.58 12.6 17.51 17.51 4.6 -1
227.41 52.58 12.6 15.73 21.65 4.8 0
76.21 133.27 11.5 -28.44 -4.5 5 1
167.62 130.49 4.4 1.22 0.62 2.6 1
171.61 131.61 4.7 2.99 -2.99 2.9 1
171.61 131.61 4.7 1.22 0.62 2.6 0
220.59 120 9.1 17.03 2.69 4 3
158.04 126.01 3.7 1.22 0.62 2.6 2
143.77 122.56 4.7 -4.19 0.66 2.9 2
194.91 94.63 7.4 12.52 9.09 3.9 0
134.01 111.55 5.8 -7.16 -1.13 3.2 1
218.1 90.39 9.6 17.03 2.69 4 0
124.95 120 6.6 -7.16 -1.13 3.2 1
144.03 70.86 8.3 -5.16 32.619 5.3 1
150.51 118.49 4 1.22 0.62 2.6 1
226.64 86.04 10.5 21.7 7.05 4.5 0
206.88 184.52 11 11.2 -15.42 4.2 0
160 139.96 5.1 1.13 -7.16 3.2 1
171.7 193.87 10.5 3.87 -24.46 4.6 0
206.88 184.52 11 13.41 -18.46 4.5 1
141.27 62.37 9.1 -2.15 13.58 3.7 0
160 147.32 5.8 -1.63 -10.29 3.4 1
160 40.24 11 0 22.81 4.5 3
160 40.24 11 -3.27 20.66 4.3 0
126.04 186.64 10.5 -9.49 -18.63 4.3 0
125.2 102.27 7 -8.38 2.72 3.3 0
140.03 120 5.1 -3.77 -1.92 2.9 4
126.04 186.64 10.5 -7.05 -21.7 4.5 0
250.02 120 12 26.76 0 4.8 -1
254.75 71.71 13.6 29.43 14.99 5.3 1
178.99 126.17 5.1 7.16 1.13 3.2 1
182.01 97.98 6.2 7.13 5.18 3.3 2
163.69 96.69 5.5 0 5.72 3 0
163.69 96.69 5.5 1.77 5.44 3 0
162.56 136.22 4.7 1.13 -7.16 3.2 4
87.16 172.91 12 -24.99 -18.15 5.2 2
100.01 179.98 11.5 -37.52 -19.11 6.1 0
172.33 124 4.4 1.22 0.62 2.6 0
100.01 179.98 11.5 -41.85 -21.32 6.5 0
113.11 184.52 11 -13.41 -18.46 4.5 4
117.8 98.49 7.8 -13.58 2.15 3.7 3
171.73 136.15 5.1 2.99 -2.99 2.9 3
84.14 144.64 11 -25.45 -8.26 4.8 2
178.72 177.62 9.1 5.89 -18.12 4.2 1
161.95 113.98 3.7 1.22 0.62 2.6 1
203.15 120 7.4 12.06 0 3.6 4
160 132.97 4.4 0 -2.79 2.8 0
160 132.97 4.4 1.22 0.62 2.6 0
209.13 135.96 8.3 12.25 -6.24 3.7 1
84.41 158.51 11.5 -29.43 -14.99 5.3 0
244.788 105.048 12 24.46 3.87 4.6 2
219.23 201.53 13.1 20.7 -28.49 5.5 1
206.77 127.4 7.8 12.25 -6.24 3.7 1
164 107.66 4.4 1.22 0.62 2.6 1
237.676 108.605 12 24.46 3.87 4.6 0
237.713 108.419 12 20.66 3.27 4.3 1
150.51 121.5 4 1.22 0.62 2.6 1
237.713 108.419 12 24.46 3.87 4.6 0
145.36 127.45 4.7 -4.19 0.66 2.9 3
93.47 98.38 10.1 -18.12 5.89 4.2 1
93.47 98.38 10.1 -18.63 9.49 4.3 0
153.89 158.57 7 -1.63 -10.29 3.4 3
188.35 140.59 6.6 7.37 -7.37 3.4 0
160.48 123.08 3.4 1.22 0.62 2.6 0
118.88 63.4 10.1 -11.2 15.42 4.2 3
188.35 140.59 6.6 7.13 -5.18 3.3 0
157.22 118.58 3.4 1.22 0.62 2.6 2
160 100.03 5.1 0 5.72 3 2
110.03 94.54 8.7 -12.52 9.09 3.9 0
170.49 112.37 4.4 1.22 0.62 2.6 -1
171.61 108.38 4.7 1.22 0.62 2.6 3
144.03 169.13 8.3 -7.83 -15.36 4 0
211.66 120 8.3 17.03 2.69 4 1
151.44 124.36 4 1.22 0.62 2.6 3
104.61 111.22 8.7 -13.58 2.15 3.7 0
113.11 55.47 11 -9.49 18.63 4.3 0
160 171.66 8.3 0 -15.47 3.9 2
75.04 163.28 12.6 -24.99 -18.15 5.2 1
187.61 92.38 7 7.13 5.18 3.3 1
160 113.67 3.7 1.22 0.62 2.6 0
107.08 47.16 12 -17.51 17.51 4.6 1
161.41 117.22 3.4 1.22 0.62 2.6 4
167.45 134.63 4.7 1.13 -7.16 3.2 1
92.58 187.41 12.6 -23.35 -23.35 5.3 -1
126.51 86.51 7.8 -7.37 7.37 3.4 1
151.44 115.63 4 1.22 0.62 2.6 1
174.13 147.74 6.2 3.29 -6.46 3.2 0
118.95 106.66 7.4 -11.47 3.72 3.6 0
174.13 147.74 6.2 2.72 -8.38 3.3 2
159.51 123.08 3.4 1.22 0.62 2.6 2
211.518 106.508 8.7 17.03 2.69 4 0
211.536 106.482 8.7 13.58 2.15 3.7 0
211.536 106.482 8.7 17.03 2.69 4 0
121.48 195.58 11.5 -13.41 -18.46 4.5 0
147.66 124 4.4 -4.19 -0.66 2.9 0
147.66 124 4.4 1.22 0.62 2.6 0
156.3 143.3 5.5 0 -8.81 3.3 1
99.4 119.99 9.1 -17.03 -2.69 4 0
176.15 108.26 5.1 7.13 5.18 3.3 3
162.77 121.41 3.4 1.22 -0.62 2.6 0
162.77 121.41 3.4 1.22 0.62 2.6 0
168.55 124.36 4 1.22 0.62 2.6 0
265.01 66.49 14.7 24.99 18.15 5.2 0
181.02 109.28 5.5 10.29 1.63 3.4 1
103.4 161.11 10.1 -15.42 -11.2 4.2 0
103.4 161.11 10.1 -18.46 -13.41 4.5 0
107.08 192.83 12 -20.36 -20.36 5 -1
149.5 127.62 4.4 1.22 0.62 2.6 1
107.08 192.83 12 -17.51 -17.51 4.6 2
110.03 145.45 8.7 -15.42 -11.2 4.2 1
80.24 119.99 11 -24.46 3.87 4.6 1
93.35 86.04 10.5 -18.12 5.89 4.2 1
131.64 140.59 6.6 -5.13 -5.13 3.2 1
65.82 134.91 12.6 -33.5 -10.88 5.5 0
166.1 158.57 7 3.72 -11.47 3.6 2
198.51 195.58 11.5 11.24 -22.06 4.6 0
99.4 119.99 9.1 -30.89 0 5.2 0
95.58 109.79 9.6 -19.06 0 4.2 3
69.97 119.99 12 -28.44 -4.5 5 1
154.88 123.71 3.7 1.22 0.62 2.6 1
145.08 25.82 12.6 -4.5 28.44 5 7
145.08 25.82 12.6 0 26.76 4.8 0
168.55 115.63 4 1.22 0.62 2.6 1
116.71 204.95 12.6 -14.99 -29.43 5.3 0
148.26 136.15 5.1 -5.13 -5.13 3.2 2
69.35 185.85 14.2 -32.16 -23.37 5.9 0
170.82 153.33 6.6 3.72 -11.47 3.6 1
170.2 55.58 9.6 2.69 17.03 4 0
170.2 55.58 9.6 4.78 14.72 3.9 2
84.8 44.8 13.6 -23.35 23.35 5.3 0
172.97 120 4.4 1.22 0.62 2.6 3
146.72 36.21 11.5 -6.58 41.59 6.1 1
235.19 44.8 13.6 17.51 17.51 4.6 0
272.86 96.348 12.6 29.38 9.54 5.2 0
272.72 96.149 12.6 32.619 5.16 5.3 0
272.72 96.149 12.6 29.38 9.54 5.2 0
164.36 111.44 4 1.22 0.62 2.6 0
179.96 120 5.1 1.22 0.62 2.6 1
84.41 81.48 11.5 -32.619 5.16 5.3 0
86.12 131.7 10.5 -28.44 -4.5 5 0
174.91 214.17 12.6 4.5 -28.44 5 7
94.14 210.64 14.2 -26.49 -26.49 5.7 0
84.41 81.48 11.5 -37 5.86 5.7 0
183.3 123.69 5.5 7.16 1.13 3.2 1
155.63 128.55 4 1.22 0.62 2.6 1
260.78 120 13.1 30.89 0 5.2 0
248.186 92.632 12.6 25.45 8.26 4.8 1
143.84 108.26 5.1 -2.99 2.99 2.9 3
64.14 151.14 13.1 -29.43 -14.99 5.3 1
152.54 105.36 4.7 -1.92 3.77 2.9 0
153.82 101 5.1 -0.66 4.19 2.9 0
137.89 103.94 5.8 -5.13 5.13 3.2 1
130.39 178.1 9.6 -7.83 -15.36 4 0
151.22 64.61 8.7 -2.69 17.03 4 0
195.189 112.953 5.8 10.29 1.63 3.4 0
195.193 112.964 5.8 10.29 1.63 3.4 1
132.17 34.37 12 -4.5 28.44 5 0
160 180.59 9.1 0 -15.47 3.9 1
152.59 73.22 7.8 -2.15 13.58 3.7 0
152.59 73.22 7.8 0 15.47 3.9 0
130.39 61.89 9.6 -11.2 15.42 4.2 1
230.164 106.147 12 20.66 3.27 4.3 1
128.85 24.14 13.1 -9.54 29.38 5.2 1
160 50.04 10.1 0 22.81 4.5 1
170.49 127.62 4.4 1.22 0.62 2.6 1
152.59 166.77 7.8 0 -15.47 3.9 1
84.14 95.35 11 -37 5.86 5.7 0
84.14 95.35 11 -32.619 5.16 5.3 0
93.47 141.61 10.1 -25.45 -8.26 4.8 1
153.82 138.99 5.1 0 -8.81 3.3 2
190.36 161.79 8.3 6.24 -12.25 3.7 0
202.19 141.5 7.8 12.52 -9.09 3.9 0
190.36 161.79 8.3 9.49 -18.63 4.3 1
134.01 128.44 5.8 -7.16 -1.13 3.2 1
126.51 153.48 7.8 -9.72 -9.72 3.7 1
166.01 121.95 3.7 1.22 0.62 2.6 0
141 126.17 5.1 -4.19 0.66 2.9 1
90.04 119.99 10.1 -22.81 0 4.5 0
160 220.78 13.1 0 -26.76 4.8 0
90.04 119.99 10.1 -20.66 3.27 4.3 0
149.28 141.02 5.5 0 -8.81 3.3 1
87.16 67.08 12 -17.51 17.51 4.6 0
135.35 44.14 11 -3.27 20.66 4.3 0
87.16 67.08 12 -14.79 14.79 4.3 0
69.35 54.14 14.2 -24.99 18.15 5.2 0
169.48 121.5 4 1.22 0.62 2.6 1
157.43 136.22 4.7 -3.36 -4.63 3 0
69.35 54.14 14.2 -28.49 20.7 5.5 0
110.97 155.61 9.1 -12.52 -9.09 3.9 0
173.27 203.78 11.5 4.5 -28.44 5 1
164.87 150.75 6.2 -1.63 -10.29 3.4 1
215.435 106.813 8.7 17.03 2.69 4 0
215.344 106.833 8.7 17.03 2.69 4 1
137.98 97.98 6.2 -5.13 5.13 3.2 1
