x y radius usage
152.37 109.5 4.4 5
160 76.84 7.4 0
100.01 60.01 11.5 -1
100.01 60.01 11.5 -1
226.64 86.04 10.5 1
209.96 94.54 8.7 1
178.72 62.37 9.1 0
178.72 62.37 9.1 0
226.64 86.04 10.5 1
113.22 112.59 7.8 6
185.45 70.03 8.7 3
185.45 70.03 8.7 3
216.59 78.88 10.1 2
151.22 64.61 8.7 -1
167.4 73.22 7.8 4
167.4 73.22 7.8 4
160 76.84 7.4 0
212.88 67.11 10.5 0
224.52 73.11 11 0
232.83 67.08 12 -1
201.11 63.4 10.1 0
212.88 67.11 10.5 0
216.59 78.88 10.1 2
121.42 113.89 7 2
141.27 177.62 9.1 -1
155.99 107.66 4.4 3
157.43 103.77 4.7 15
141.27 177.62 9.1 -1
187.32 120 5.8 6
167.45 105.36 4.7 4
187.32 120 5.8 6
229.95 120 10.1 -1
158.49 110.51 4 3
149.28 98.97 5.5 10
120.34 80.34 8.7 -1
101.89 90.39 9.6 2
232.83 67.08 12 -1
110.97 84.38 9.1 6
107.11 67.11 10.5 0
132.38 92.38 7 7
206.11 73.88 9.6 -1
173.33 78.95 7.4 0
182.1 103.94 5.8 4
162.2 117.79 3.4 0
182.1 103.94 5.8 4
153.2 113.2 4 4
134.63 85.08 7.4 5
209.02 84.38 9.1 4
134.63 85.08 7.4 5
166.17 101 5.1 2
93.35 153.95 10.5 9
138.97 130.71 5.5 2
138.97 130.71 5.5 2
99.4 119.99 9.1 -1
163.71 114.88 3.7 1
160 107.02 4.4 4
153.98 118.04 3.7 4
107.11 67.11 10.5 0
148.26 103.84 5.1 4
110.86 104.03 8.3 5
158.58 122.77 3.4 1
148.38 108.38 4.7 11
148.38 108.38 4.7 11
132.38 147.61 7 -1
157.43 103.77 4.7 15
132.38 147.61 7 -1
145.36 112.54 4.7 2
145.36 112.54 4.7 2
156.91 120.48 3.4 2
129.63 161.79 8.3 3
162.56 103.77 4.7 1
158.04 113.98 3.7 1
176.68 103.31 5.5 13
244.95 76.71 12.6 -1
147.02 120 4.4 0
191.234 113.842 5.8 0
244.95 76.71 12.6 -1
176.05 97.89 5.8 1
147.66 115.99 4.4 2
209.02 84.38 9.1 4
138.38 53.47 10.1 0
138.38 53.47 10.1 0
165.11 116.28 3.7 2
143.94 97.89 5.8 4
126.04 53.35 10.5 -1
156.28 114.88 3.7 6
149.79 55.58 9.6 -1
132.67 120 5.8 9
149.5 112.37 4.4 2
141 113.82 5.1 4
108.33 119.99 8.3 6
157.22 121.41 3.4 1
116.84 120 7.4 3
154.88 116.28 3.7 3
153.98 121.95 3.7 1
193.48 86.51 7.8 0
259.087 90.859 12.6 0
259.032 90.838 12.6 0
259.066 91.016 12.6 0
162.77 118.58 3.4 2
170.2 184.41 9.6 -1
189.6 61.89 9.6 4
156.3 96.69 5.5 3
170.82 86.66 6.6 3
168.77 64.61 8.7 -1
138.49 162.19 7.8 6
190.36 78.2 8.3 0
155.12 150.75 6.2 0
160 155.04 6.6 7
170.82 86.66 6.6 3
181.61 53.47 10.1 0
158.49 129.479 4 2
218.1 149.6 9.6 0
218.1 149.6 9.6 0
224.52 166.88 11 0
181.61 53.47 10.1 0
158.58 117.22 3.4 0
136.69 123.69 5.5 1
143.77 117.43 4.7 -1
143.77 117.43 4.7 -1
201.79 89.63 8.3 1
168.77 64.61 8.7 -1
121.42 126.1 7 3
162.2 122.2 3.4 2
155.63 111.44 4 4
224.41 130.2 9.6 3
113.22 112.59 7.8 6
126.66 130.82 6.6 4
161.5 129.479 4 0
129.24 124.87 6.2 5
235.58 81.48 11.5 2
161.5 110.51 4 2
124.38 70.97 9.1 0
102.37 138.72 9.1 0
155.99 132.33 4.4 0
102.37 138.72 9.1 0
156.91 119.51 3.4 3
129.24 115.12 6.2 6
107.11 172.88 10.5 3
84.41 158.51 11.5 5
138.38 186.52 10.1 4
101.89 149.6 9.6 6
138.49 77.8 7.8 1
156.28 125.11 3.7 1
212.91 47.16 12 0
212.91 47.16 12 0
155.12 89.24 6.2 -1
160 92.67 5.8 0
167.62 109.5 4.4 6
160 92.67 5.8 0
215.427 108.945 8.7 0
153.89 81.42 7 3
160 68.33 8.3 -1
215.427 108.945 8.7 0
126.04 53.35 10.5 -1
113.22 127.4 7.8 5
166.79 126.79 4 3
233.87 131.7 10.5 -1
227.41 52.58 12.6 -1
227.41 52.58 12.6 -1
76.21 133.27 11.5 2
167.62 130.49 4.4 1
171.61 131.61 4.7 2
171.61 131.61 4.7 2
220.59 120 9.1 4
158.04 126.01 3.7 2
143.77 122.56 4.7 4
194.91 94.63 7.4 -1
134.01 111.55 5.8 1
218.1 90.39 9.6 2
124.95 120 6.6 1
144.03 70.86 8.3 1
150.51 118.49 4 1
226.64 86.04 10.5 1
206.88 184.52 11 1
160 139.96 5.1 2
171.7 193.87 10.5 0
206.88 184.52 11 1
141.27 62.37 9.1 -2
160 147.32 5.8 2
160 40.24 11 5
160 40.24 11 5
126.04 186.64 10.5 0
125.2 102.27 7 3
140.03 120 5.1 6
126.04 186.64 10.5 0
250.02 120 12 -1
254.75 71.71 13.6 1
178.99 126.17 5.1 2
182.01 97.98 6.2 3
163.69 96.69 5.5 0
163.69 96.69 5.5 0
162.56 136.22 4.7 6
87.16 172.91 12 4
100.01 179.98 11.5 0
172.33 124 4.4 0
100.01 179.98 11.5 0
113.11 184.52 11 6
117.8 98.49 7.8 4
171.73 136.15 5.1 4
84.14 144.64 11 3
178.72 177.62 9.1 1
161.95 113.98 3.7 1
203.15 120 7.4 5
160 132.97 4.4 0
160 132.97 4.4 0
209.13 135.96 8.3 2
84.41 158.51 11.5 5
244.788 105.048 12 0
219.23 201.53 13.1 1
206.77 127.4 7.8 1
164 107.66 4.4 1
237.676 108.605 12 0
237.713 108.419 12 0
150.51 121.5 4 1
237.713 108.419 12 0
145.36 127.45 4.7 4
93.47 98.38 10.1 2
93.47 98.38 10.1 2
153.89 158.57 7 4
188.35 140.59 6.6 0
160.48 123.08 3.4 0
118.88 63.4 10.1 5
188.35 140.59 6.6 0
157.22 118.58 3.4 2
160 100.03 5.1 5
110.03 94.54 8.7 2
170.49 112.37 4.4 -1
171.61 108.38 4.7 4
144.03 169.13 8.3 -1
211.66 120 8.3 1
151.44 124.36 4 3
104.61 111.22 8.7 0
113.11 55.47 11 0
160 171.66 8.3 4
75.04 163.28 12.6 2
187.61 92.38 7 1
160 113.67 3.7 0
107.08 47.16 12 1
161.41 117.22 3.4 4
167.45 134.63 4.7 1
92.58 187.41 12.6 -1
126.51 86.51 7.8 1
151.44 115.63 4 1
174.13 147.74 6.2 2
118.95 106.66 7.4 4
174.13 147.74 6.2 2
159.51 123.08 3.4 2
211.518 106.508 8.7 0
211.536 106.482 8.7 0
211.536 106.482 8.7 0
121.48 195.58 11.5 0
147.66 124 4.4 0
147.66 124 4.4 0
156.3 143.3 5.5 2
99.4 119.99 9.1 -1
176.15 108.26 5.1 4
162.77 121.41 3.4 0
162.77 121.41 3.4 0
168.55 124.36 4 0
265.01 66.49 14.7 -1
181.02 109.28 5.5 1
103.4 161.11 10.1 0
103.4 161.11 10.1 0
107.08 192.83 12 2
149.5 127.62 4.4 1
107.08 192.83 12 2
110.03 145.45 8.7 1
80.24 119.99 11 1
93.35 86.04 10.5 1
131.64 140.59 6.6 1
65.82 134.91 12.6 0
166.1 158.57 7 3
198.51 195.58 11.5 0
99.4 119.99 9.1 -1
95.58 109.79 9.6 4
69.97 119.99 12 1
154.88 123.71 3.7 1
145.08 25.82 12.6 11
145.08 25.82 12.6 11
168.55 115.63 4 1
116.71 204.95 12.6 0
148.26 136.15 5.1 3
69.35 185.85 14.2 0
170.82 153.33 6.6 1
170.2 55.58 9.6 2
170.2 55.58 9.6 2
84.8 44.8 13.6 0
172.97 120 4.4 4
146.72 36.21 11.5 1
235.19 44.8 13.6 0
272.86 96.348 12.6 0
272.72 96.149 12.6 0
272.72 96.149 12.6 0
164.36 111.44 4 0
179.96 120 5.1 1
84.41 81.48 11.5 0
86.12 131.7 10.5 0
174.91 214.17 12.6 8
94.14 210.64 14.2 0
84.41 81.48 11.5 0
183.3 123.69 5.5 1
155.63 128.55 4 1
260.78 120 13.1 0
248.186 92.632 12.6 0
143.84 108.26 5.1 4
64.14 151.14 13.1 1
152.54 105.36 4.7 -1
153.82 101 5.1 0
137.89 103.94 5.8 5
130.39 178.1 9.6 -1
151.22 64.61 8.7 -1
195.189 112.953 5.8 0
195.193 112.964 5.8 0
132.17 34.37 12 0
160 180.59 9.1 1
152.59 73.22 7.8 0
152.59 73.22 7.8 0
130.39 61.89 9.6 1
230.164 106.147 12 0
128.85 24.14 13.1 0
160 50.04 10.1 1
170.49 127.62 4.4 1
152.59 166.77 7.8 1
84.14 95.35 11 0
84.14 95.35 11 0
93.47 141.61 10.1 1
153.82 138.99 5.1 3
190.36 161.79 8.3 1
202.19 141.5 7.8 0
190.36 161.79 8.3 1
134.01 128.44 5.8 1
126.51 153.48 7.8 1
166.01 121.95 3.7 0
141 126.17 5.1 1
90.04 119.99 10.1 0
160 220.78 13.1 0
90.04 119.99 10.1 0
149.28 141.02 5.5 1
87.16 67.08 12 0
135.35 44.14 11 0
87.16 67.08 12 0
69.35 54.14 14.2 0
169.48 121.5 4 1
157.43 136.22 4.7 -1
69.35 54.14 14.2 0
110.97 155.61 9.1 -2
173.27 203.78 11.5 1
164.87 150.75 6.2 1
215.435 106.813 8.7 0
215.344 106.833 8.7 0
137.98 97.98 6.2 1
