saccadeCounter stepCounter successfulDirectLink successfulNeighbourLink unsuccesfulDirectLinkCounter neighourCounter penultimateMoveWasLink linksLearnt linksUpdated possibleLinkstoLearn unlearntInputFields(612) unlearntOutputFields(580) rollingAverage NumLinks NumGoodLinks TimeStamp
- - - - - - - - - - - - - - - 1431519276
0 2 1 0 1 0 1 3 0 0 342 400 2 354 181 1431519305
1 2 0 1 0 2 1 3 0 3 339 399 2 357 183 1431519310
2 1 1 0 0 0 0 2 0 0 339 399 1.66667 357 183 1431519315
3 1 1 0 0 0 0 2 0 0 339 399 1.5 357 183 1431519319
4 1 1 0 0 0 0 2 0 0 339 399 1.4 357 184 1431519324
5 1 1 0 0 0 0 2 0 0 339 399 1.33333 357 185 1431519330
6 1 1 0 0 0 0 2 0 0 338 399 1.28571 358 186 1431519336
7 2 1 0 0 1 1 3 0 2 337 398 1.375 360 185 1431519342
8 6 0 1 0 1 0 5 0 7 334 396 1.88889 364 187 1431519348
9 1 0 1 0 1 0 2 0 1 333 396 1.8 365 189 1431519353
10 2 0 1 0 2 1 3 0 3 331 395 1.8 367 192 1431519358
11 1 1 0 0 0 0 2 0 0 331 395 1.7 367 192 1431519365
12 2 1 0 0 1 1 3 0 2 330 395 1.8 369 192 1431519370
13 2 0 1 1 1 1 3 0 1 329 394 1.9 370 193 1431519375
14 1 1 0 0 0 0 2 0 0 329 394 1.9 370 194 1431519379
15 1 1 0 0 0 0 2 0 0 328 394 1.9 371 194 1431519384
16 9 1 0 0 0 0 3 0 9 327 393 2.7 373 194 1431519392
17 0 0 0 0 0 0 1 0 0 327 393 2.5 373 194 1431519395
18 1 0 1 0 1 0 2 0 1 326 393 2 374 197 1431519401
19 1 0 1 0 1 0 2 0 1 325 393 2 375 199 1431519409
20 2 0 1 0 2 1 3 0 3 323 393 2 378 200 1431519414
21 2 1 0 1 0 1 3 0 0 323 392 2.1 378 199 1431519418
22 1 0 1 0 1 0 2 0 2 323 391 2 381 200 1431519429
23 2 1 0 1 0 1 3 0 0 323 390 2 381 199 1431519433
24 4 1 0 2 0 1 5 0 2 322 386 2.3 383 198 1431519439
25 1 0 1 0 1 0 2 0 2 322 386 2.3 386 198 1431519444
26 6 1 0 1 0 1 4 0 5 321 384 2 388 198 1431519452
27 9 1 0 0 1 1 4 0 8 320 384 2.9 390 198 1431519460
28 1 1 0 0 0 0 2 0 0 320 384 2.9 390 198 1431519464
29 1 1 0 0 0 0 2 0 0 320 384 2.9 390 198 1431519469
30 2 1 0 1 0 1 3 0 0 320 384 2.9 390 199 1431519474
31 1 1 0 0 0 0 2 0 0 320 384 2.8 390 200 1431519479
32 1 1 0 0 0 0 2 0 0 320 384 2.8 390 200 1431519485
33 1 1 0 0 0 0 2 0 0 320 384 2.7 390 200 1431519491
34 1 1 0 0 0 0 2 0 0 320 384 2.4 390 200 1431519496
35 12 1 0 1 0 1 5 0 11 319 383 3.5 392 201 1431519505
36 1 0 1 0 1 0 2 0 1 318 383 3 393 203 1431519509
37 1 1 0 0 0 0 2 0 0 318 383 2.2 393 203 1431519514
38 2 1 0 0 1 1 3 0 2 316 382 2.3 396 203 1431519525
39 1 1 0 0 0 0 2 0 0 316 382 2.3 396 203 1431519531
40 1 1 0 0 0 0 2 0 0 316 382 2.2 396 203 1431519536
41 0 0 0 0 0 0 1 0 0 316 382 2.1 396 203 1431519539
42 1 1 0 0 0 0 2 0 0 316 382 2.1 396 203 1431519544
43 1 0 1 0 1 0 2 0 1 315 382 2.1 398 205 1431519548
44 0 0 0 0 0 0 1 0 0 315 382 2 398 205 1431519552
45 2 1 0 0 1 1 3 0 2 314 381 1 400 206 1431519556
46 1 1 0 0 0 0 2 0 0 313 381 1 401 206 1431519561
47 0 0 0 0 0 0 1 0 0 313 381 0.9 401 207 1431519564
48 2 0 1 0 1 0 3 0 2 311 380 0.9 404 208 1431519570
49 1 0 1 0 1 0 2 0 1 310 380 0.9 406 209 1431519575
50 1 0 1 0 1 0 2 0 1 309 380 0.9 407 210 1431519579
51 2 1 0 1 0 1 3 0 0 309 380 1.1 407 209 1431519586
52 1 0 1 0 1 0 2 0 1 308 380 1.1 408 211 1431519590
53 1 1 0 0 0 0 2 0 0 308 380 1.1 408 211 1431519595
54 1 1 0 0 0 0 2 0 0 308 380 1.2 408 211 1431519599
55 2 1 0 1 0 1 3 0 0 308 380 1.2 408 210 1431519604
56 5 0 1 0 1 0 3 0 6 305 378 1.6 412 211 1431519612
57 1 1 0 0 0 0 2 0 0 305 378 1.7 412 212 1431519616
58 1 1 0 0 0 0 2 0 0 305 378 1.6 412 213 1431519621
59 5 0 1 1 2 1 5 0 4 303 376 2 415 215 1431519627
60 0 0 0 0 0 0 1 0 0 303 376 1.9 415 216 1431519631
61 1 0 1 0 1 0 2 0 1 301 376 1.8 417 217 1431519635
62 1 0 1 0 1 0 2 0 1 300 376 1.8 419 218 1431519640
63 1 0 1 0 1 0 2 0 1 299 376 1.8 420 219 1431519644
64 1 1 0 0 0 0 2 0 0 299 376 1.8 420 219 1431519649
65 2 1 0 1 0 1 3 0 0 299 376 1.8 420 219 1431519654
66 1 1 0 0 0 0 2 0 0 299 376 1.4 420 219 1431519659
67 1 1 0 0 0 0 2 0 0 299 376 1.4 420 219 1431519663
68 1 1 0 0 0 0 2 0 0 299 376 1.4 420 221 1431519670
69 1 0 1 0 1 0 2 0 1 297 376 1 422 222 1431519677
70 1 1 0 0 0 0 2 0 0 297 376 1.1 422 222 1431519681
71 2 1 0 0 0 0 3 0 1 297 376 1.2 423 223 1431519686
72 1 1 0 0 0 0 2 0 0 296 376 1.2 424 223 1431519691
73 2 1 0 1 0 1 3 0 0 296 376 1.3 424 222 1431519696
74 2 1 0 1 0 1 3 0 0 296 375 1.4 424 222 1431519700
75 1 0 1 0 1 0 2 0 1 295 375 1.3 426 224 1431519708
76 1 1 0 0 0 0 2 0 0 295 375 1.3 426 225 1431519713
77 0 0 0 0 0 0 1 0 0 295 375 1.2 426 225 1431519717
78 1 1 0 0 0 0 2 0 0 295 375 1.2 425 226 1431519726
79 1 0 1 0 1 0 2 0 1 294 375 1.2 426 227 1431519730
80 1 1 0 0 0 0 2 0 0 294 375 1.2 426 227 1431519736
81 13 0 1 0 1 0 3 0 13 293 375 2.3 428 228 1431519745
82 2 1 0 1 0 1 3 0 0 293 374 2.4 428 228 1431519750
83 1 1 0 0 0 0 2 0 0 292 374 2.3 429 228 1431519755
84 1 1 0 0 0 0 2 0 0 292 374 2.2 429 228 1431519759
85 1 1 0 0 0 0 2 0 0 292 374 2.2 429 228 1431519763
86 2 1 0 0 1 1 3 0 2 291 373 2.3 430 230 1431519768
87 4 1 0 1 1 1 5 0 2 290 372 2.7 432 229 1431519774
88 3 0 1 0 1 0 3 0 4 289 371 2.9 434 231 1431519782
89 2 1 0 1 0 1 3 0 0 288 371 3 435 230 1431519787
90 1 1 0 0 0 0 2 0 0 288 371 3 435 231 1431519791
91 2 1 0 0 0 0 3 0 1 288 371 1.9 436 231 1431519797
92 1 1 0 0 0 0 2 0 0 288 371 1.8 436 232 1431519802
93 1 1 0 0 0 0 2 0 0 288 371 1.8 436 232 1431519806
94 1 1 0 0 0 0 2 0 0 288 371 1.8 436 232 1431519811
95 2 1 0 1 0 1 3 0 0 288 371 1.9 436 231 1431519816
96 2 0 1 1 1 1 3 0 1 287 371 1.9 437 232 1431519822
97 3 1 0 1 0 1 4 0 1 287 371 1.8 438 232 1431519828
98 3 1 0 0 0 0 4 0 3 286 370 1.8 441 232 1431519834
99 1 1 0 0 0 0 2 0 0 286 370 1.7 441 232 1431519838
100 1 1 0 0 0 0 2 0 0 286 370 1.7 441 232 1431519844
101 1 1 0 0 0 0 2 0 0 285 370 1.6 442 232 1431519848
102 2 0 1 1 1 1 3 0 1 285 369 1.7 443 233 1431519853
103 1 1 0 0 0 0 2 0 0 285 369 1.7 444 234 1431519858
104 4 1 0 0 0 0 5 0 4 284 369 2 446 236 1431519863
105 2 1 0 0 1 1 3 0 2 283 368 2 447 237 1431519868
106 9 1 0 0 0 0 8 0 9 281 367 2.7 450 239 1431519876
107 1 1 0 0 0 0 2 0 0 281 367 2.5 450 239 1431519880
108 1 1 0 0 0 0 2 0 0 281 367 2.3 450 239 1431519884
109 2 1 0 1 0 1 3 0 0 281 367 2.4 450 239 1431519890
110 1 1 0 0 0 0 2 0 0 281 367 2.4 450 239 1431519894
111 2 1 0 0 1 1 3 0 2 280 366 2.5 452 239 1431519899
112 1 1 0 0 0 0 2 0 0 280 366 2.4 452 241 1431519905
113 1 1 0 0 0 0 2 0 0 280 366 2.4 452 241 1431519910
114 1 1 0 0 0 0 2 0 0 280 366 2.1 452 241 1431519914
115 0 0 0 0 0 0 1 0 0 280 366 1.9 452 241 1431519919
116 2 1 0 1 0 1 3 0 0 280 366 1.2 452 240 1431519924
117 1 0 1 0 1 0 2 0 1 279 366 1.2 453 242 1431519930
118 3 1 0 1 1 1 4 0 1 278 365 1.4 454 243 1431519936
119 2 0 1 0 2 1 3 0 3 276 365 1.4 456 245 1431519940
120 1 0 1 0 1 0 2 0 1 275 365 1.4 457 246 1431519945
121 1 1 0 0 0 0 2 0 0 275 365 1.3 457 247 1431519949
122 2 1 0 1 0 1 3 0 0 275 364 1.4 457 246 1431519954
123 3 1 0 1 0 1 4 0 2 274 362 1.6 460 246 1431519960
124 2 1 0 0 1 1 3 0 2 273 361 1.7 461 246 1431519965
125 2 1 0 1 0 1 3 0 0 273 360 1.9 461 247 1431519970
126 1 0 1 0 1 0 2 0 1 272 360 1.8 462 248 1431519974
127 1 0 1 0 1 0 2 0 2 272 360 1.8 464 249 1431519979
128 1 1 0 0 0 0 2 0 0 272 360 1.6 464 249 1431519983
129 3 1 0 1 0 1 4 0 1 272 359 1.7 465 250 1431519989
130 1 1 0 0 0 0 2 0 0 272 359 1.7 465 250 1431519993
131 1 1 0 0 0 0 2 0 0 272 359 1.7 465 251 1431519998
132 1 1 0 0 0 0 2 0 0 272 359 1.6 465 252 1431520002
133 1 1 0 0 0 0 2 0 0 272 359 1.4 465 252 1431520007
134 10 0 1 0 1 0 5 0 11 269 358 2.2 469 254 1431520014
135 3 0 1 2 1 1 4 0 1 268 358 2.3 470 255 1431520020
136 1 1 0 0 0 0 2 0 0 268 358 2.3 470 255 1431520024
137 4 1 0 2 1 1 5 0 1 268 357 2.6 471 254 1431520030
138 1 1 0 0 0 0 2 0 0 268 357 2.6 471 254 1431520034
139 1 1 0 0 0 0 2 0 0 267 357 2.4 472 254 1431520039
140 1 1 0 0 0 0 2 0 1 266 356 2.4 474 254 1431520043
141 1 1 0 0 0 0 2 0 0 266 356 2.4 474 254 1431520048
142 1 0 1 0 1 0 2 0 1 265 356 2.4 475 255 1431520052
143 5 1 0 2 1 1 6 0 3 263 352 2.8 478 253 1431520059
144 3 1 0 0 1 1 4 0 2 262 351 2.1 480 253 1431520065
145 1 1 0 0 0 0 2 0 0 262 351 1.9 480 253 1431520070
146 1 1 0 0 0 0 2 0 0 262 351 1.9 480 253 1431520074
147 1 0 1 0 1 0 2 0 1 261 351 1.6 481 255 1431520079
148 1 1 0 0 0 0 2 0 0 260 351 1.6 482 255 1431520083
149 1 1 0 0 0 0 2 0 0 260 351 1.6 482 255 1431520088
150 1 0 1 0 1 0 2 0 1 259 351 1.6 483 256 1431520093
151 1 1 0 0 0 0 2 0 0 259 351 1.6 483 256 1431520097
152 0 0 0 0 0 0 1 0 0 259 351 1.5 483 256 1431520100
153 1 1 0 0 0 0 2 0 0 259 351 1.1 483 257 1431520104
**************END**************
