x y saccadeNo stepCount
-20.66 -3.27 
2.86999 -1.17998 
-2.51228 -8.41229 
-32.619 -5.16 
-1.13 -6.84 
-14.3708 -6.86227 
8.81 -1.06695e-06 
-10.66 6.73 
-1.09753 -6.83095 
-3.36 -4.63 
-5.37001 1.64 
1.33778 -7.32028 
-13.54 -10.71 
-2.85215 -12.2402 
-18.53 -6.28 
12.1791 -10.4571 
-49.3791 -11.3749 
-21.19 -7.53097 
-2.42927 -8.81832 
-4.0432 -7.7953 
-33.3496 -11.3844 
-8.81 -13.81 
2.19062 -6.53661 
-6.06001 -6.87654 
-3.42613 -8.62505 
-5.5362 -8.51764 
-9.76 -7.09001 
-11.128 -8.86102 
-9.76 -7.09001 
-11.1211 -8.77481 
-46.39 -7.33997 
-74.51 -8.78525 
-17.94 -8.61117 
-1.59305 -8.51786 
18.8988 -8.49868 
38.8089 -8.60751 
-5.22 -8.52384 
-9.81021 -7.89702 
1.19999 -5.42 
42.0584 -10.2138 
-5.22 -8.19334 
-37 -5.86001 
-8.66302 -9.47561 
-51.5706 -9.1123 
-17.94 -8.14395 
7.74559 -8.67604 
-7.05557 -8.40503 
-10.3281 -7.88987 
25.4699 -0.995876 
-2.72363 -5.20046 
**************END**************
