x y radius usage
152.37 109.5 4.4 7
160 76.84 7.4 0
100.01 60.01 11.5 -1
100.01 60.01 11.5 -1
226.64 86.04 10.5 1
178.72 62.37 9.1 0
178.72 62.37 9.1 0
226.64 86.04 10.5 1
113.22 112.59 7.8 6
185.45 70.03 8.7 3
185.45 70.03 8.7 3
216.59 78.88 10.1 2
151.22 64.61 8.7 -1
167.4 73.22 7.8 4
167.4 73.22 7.8 4
160 76.84 7.4 0
212.88 67.11 10.5 0
224.52 73.11 11 0
232.83 67.08 12 -1
201.11 63.4 10.1 0
212.88 67.11 10.5 0
216.59 78.88 10.1 2
121.42 113.89 7 5
141.27 177.62 9.1 -2
155.99 107.66 4.4 5
157.43 103.77 4.7 15
187.32 120 5.8 11
167.45 105.36 4.7 13
187.32 120 5.8 11
229.95 120 10.1 -1
158.49 110.51 4 6
149.28 98.97 5.5 13
120.34 80.34 8.7 -1
101.89 90.39 9.6 2
232.83 67.08 12 -1
110.97 84.38 9.1 9
107.11 67.11 10.5 0
132.38 92.38 7 7
206.11 73.88 9.6 -1
173.33 78.95 7.4 -1
182.1 103.94 5.8 4
162.2 117.79 3.4 0
182.1 103.94 5.8 4
153.2 113.2 4 8
134.63 85.08 7.4 5
209.02 84.38 9.1 4
134.63 85.08 7.4 5
166.17 101 5.1 14
138.97 130.71 5.5 5
138.97 130.71 5.5 5
99.4 119.99 9.1 -1
163.71 114.88 3.7 5
160 107.02 4.4 7
153.98 118.04 3.7 6
107.11 67.11 10.5 0
148.26 103.84 5.1 4
110.86 104.03 8.3 10
158.58 122.77 3.4 1
148.38 108.38 4.7 19
148.38 108.38 4.7 19
132.38 147.61 7 -1
157.43 103.77 4.7 15
132.38 147.61 7 -1
145.36 112.54 4.7 2
145.36 112.54 4.7 2
156.91 120.48 3.4 4
129.63 161.79 8.3 3
162.56 103.77 4.7 4
158.04 113.98 3.7 1
176.68 103.31 5.5 16
244.95 76.71 12.6 4
147.02 120 4.4 2
191.234 113.842 5.8 0
176.05 97.89 5.8 3
147.66 115.99 4.4 4
209.02 84.38 9.1 4
138.38 53.47 10.1 0
138.38 53.47 10.1 0
165.11 116.28 3.7 7
143.94 97.89 5.8 7
126.04 53.35 10.5 -1
156.28 114.88 3.7 9
149.79 55.58 9.6 -1
132.67 120 5.8 9
149.5 112.37 4.4 8
141 113.82 5.1 10
108.33 119.99 8.3 12
157.22 121.41 3.4 1
116.84 120 7.4 3
154.88 116.28 3.7 7
153.98 121.95 3.7 2
193.48 86.51 7.8 0
259.087 90.859 12.6 0
259.032 90.838 12.6 0
259.066 91.016 12.6 0
162.77 118.58 3.4 4
170.2 184.41 9.6 -1
189.6 61.89 9.6 7
156.3 96.69 5.5 9
170.82 86.66 6.6 3
168.77 64.61 8.7 -1
138.49 162.19 7.8 9
190.36 78.2 8.3 0
155.12 150.75 6.2 0
160 155.04 6.6 10
170.82 86.66 6.6 3
181.61 53.47 10.1 0
158.49 129.479 4 6
218.1 149.6 9.6 0
218.1 149.6 9.6 0
224.52 166.88 11 0
181.61 53.47 10.1 0
158.58 117.22 3.4 0
136.69 123.69 5.5 4
143.77 117.43 4.7 6
143.77 117.43 4.7 6
201.79 89.63 8.3 1
168.77 64.61 8.7 -1
121.42 126.1 7 6
162.2 122.2 3.4 4
155.63 111.44 4 8
224.41 130.2 9.6 3
113.22 112.59 7.8 6
126.66 130.82 6.6 6
161.5 129.479 4 2
129.24 124.87 6.2 5
235.58 81.48 11.5 5
161.5 110.51 4 6
124.38 70.97 9.1 0
102.37 138.72 9.1 0
155.99 132.33 4.4 2
102.37 138.72 9.1 0
156.91 119.51 3.4 6
129.24 115.12 6.2 6
107.11 172.88 10.5 3
138.38 186.52 10.1 4
101.89 149.6 9.6 6
138.49 77.8 7.8 1
156.28 125.11 3.7 1
212.91 47.16 12 0
212.91 47.16 12 0
155.12 89.24 6.2 -1
160 92.67 5.8 3
167.62 109.5 4.4 6
160 92.67 5.8 3
215.427 108.945 10.1 0
153.89 81.42 7 5
160 68.33 8.3 -1
215.427 108.945 10.1 0
126.04 53.35 10.5 -1
113.22 127.4 7.8 5
166.79 126.79 4 3
233.87 131.7 10.5 -1
227.41 52.58 12.6 2
227.41 52.58 12.6 2
167.62 130.49 4.4 2
171.61 131.61 4.7 2
171.61 131.61 4.7 2
220.59 120 9.1 4
158.04 126.01 3.7 2
143.77 122.56 4.7 7
194.91 94.63 7.4 -1
134.01 111.55 5.8 3
124.95 120 6.6 1
144.03 70.86 8.3 1
150.51 118.49 4 3
226.64 86.04 10.5 1
206.88 184.52 11 1
160 139.96 5.1 7
171.7 193.87 10.5 2
206.88 184.52 11 1
160 147.32 5.8 5
160 40.24 11 10
160 40.24 11 10
126.04 186.64 10.5 0
125.2 102.27 7 15
140.03 120 5.1 12
126.04 186.64 10.5 0
250.02 120 12 -1
254.75 71.71 13.6 1
178.99 126.17 5.1 3
182.01 97.98 6.2 3
163.69 96.69 5.5 3
163.69 96.69 5.5 3
162.56 136.22 4.7 6
100.01 179.98 11.5 0
172.33 124 4.4 1
100.01 179.98 11.5 0
113.11 184.52 11 6
171.73 136.15 5.1 7
178.72 177.62 9.1 5
161.95 113.98 3.7 3
203.15 120 7.4 5
160 132.97 4.4 0
160 132.97 4.4 0
209.13 135.96 8.3 2
84.41 158.51 11.5 4
244.788 105.048 12 0
219.23 201.53 13.1 1
206.77 127.4 7.8 9
164 107.66 4.4 3
237.676 108.605 12 0
237.713 108.419 12 0
150.51 121.5 4 4
237.713 108.419 12 0
145.36 127.45 4.7 11
93.47 98.38 10.1 5
93.47 98.38 10.1 5
153.89 158.57 7 7
188.35 140.59 6.6 2
160.48 123.08 3.4 1
118.88 63.4 10.1 11
188.35 140.59 6.6 2
157.22 118.58 3.4 3
160 100.03 5.1 11
170.49 112.37 4.4 2
171.61 108.38 4.7 3
144.03 169.13 8.3 -1
211.66 120 8.3 4
151.44 124.36 4 3
104.61 111.22 8.7 3
160 171.66 8.3 4
187.61 92.38 7 3
160 113.67 3.7 1
107.08 47.16 12 0
161.41 117.22 3.4 5
167.45 134.63 4.7 1
126.51 86.51 7.8 1
151.44 115.63 4 4
174.13 147.74 6.2 7
118.95 106.66 7.4 4
174.13 147.74 6.2 7
159.51 123.08 3.4 4
211.518 106.508 10.1 0
211.536 106.482 10.1 0
211.536 106.482 10.1 0
147.66 124 4.4 3
147.66 124 4.4 3
156.3 143.3 5.5 5
99.4 119.99 9.1 -1
176.15 108.26 5.1 9
162.77 121.41 3.4 2
162.77 121.41 3.4 2
168.55 124.36 4 3
265.01 66.49 14.7 -1
103.4 161.11 10.1 2
103.4 161.11 10.1 2
107.08 192.83 12 2
149.5 127.62 4.4 4
107.08 192.83 12 2
131.64 140.59 6.6 1
166.1 158.57 7 3
198.51 195.58 11.5 4
99.4 119.99 9.1 -1
95.58 109.79 9.6 7
69.97 119.99 12 5
154.88 123.71 3.7 1
145.08 25.82 12.6 13
145.08 25.82 12.6 13
168.55 115.63 4 5
148.26 136.15 5.1 7
69.35 185.85 14.2 0
170.82 153.33 6.6 4
170.2 55.58 9.6 2
170.2 55.58 9.6 2
84.8 44.8 13.6 -1
172.97 120 4.4 10
146.72 36.21 11.5 1
272.86 96.348 12.6 0
272.72 96.149 12.6 0
272.72 96.149 12.6 0
164.36 111.44 4 0
86.12 131.7 10.5 0
174.91 214.17 12.6 14
94.14 210.64 14.2 -1
84.41 81.48 11.5 -1
183.3 123.69 5.5 8
155.63 128.55 4 3
260.78 120 13.1 0
248.186 92.632 12.6 0
143.84 108.26 5.1 9
64.14 151.14 13.1 9
152.54 105.36 4.7 2
153.82 101 5.1 12
137.89 103.94 5.8 8
130.39 178.1 9.6 -1
151.22 64.61 8.7 -1
195.189 112.953 5.8 0
195.193 112.964 5.8 0
132.17 34.37 12 0
160 180.59 9.1 1
152.59 73.22 7.8 2
152.59 73.22 7.8 2
130.39 61.89 9.6 4
230.164 106.147 12 0
128.85 24.14 13.1 6
160 50.04 10.1 1
170.49 127.62 4.4 2
152.59 166.77 7.8 1
84.14 95.35 11 -1
84.14 95.35 11 -1
93.47 141.61 10.1 1
153.82 138.99 5.1 3
190.36 161.79 8.3 0
202.19 141.5 7.8 0
190.36 161.79 8.3 0
134.01 128.44 5.8 1
126.51 153.48 7.8 1
166.01 121.95 3.7 2
141 126.17 5.1 1
90.04 119.99 10.1 0
90.04 119.99 10.1 0
149.28 141.02 5.5 4
87.16 67.08 12 0
87.16 67.08 12 0
69.35 54.14 14.2 2
169.48 121.5 4 3
157.43 136.22 4.7 0
69.35 54.14 14.2 2
110.97 155.61 9.1 1
173.27 203.78 11.5 1
164.87 150.75 6.2 1
215.435 106.813 10.1 0
215.344 106.833 10.1 0
137.98 97.98 6.2 3
195.61 169.02 9.1 0
129.63 161.79 8.3 3
93.35 153.95 10.5 8
174.63 127.45 4.7 1
128.85 215.85 13.1 6
153.67 120 3.7 5
116.71 35.04 12.6 5
116.71 35.04 12.6 5
160 29.97 12 0
270.06 9.93 18.4 0
232.77 19.83 15.3 6
270.06 9.93 18.4 0
125.2 137.72 7 1
194.91 145.36 7.4 1
106.49 225.01 14.7 6
86.12 108.29 10.5 11
86.12 108.29 10.5 11
180.59 148.35 6.6 1
166.79 113.2 4 6
100.76 38.46 13.1 -1
203.28 204.95 12.6 1
136.69 116.3 5.5 1
143.36 14.96 13.6 0
143.36 14.96 13.6 0
179.96 120 5.1 0
191.66 113.029 5.8 0
191.702 113.022 5.8 0
191.702 113.022 5.8 0
209.96 94.54 8.7 0
286.96 55.3 17.1 2
181.02 109.28 5.5 2
235.19 44.8 13.6 2
286.96 55.3 17.1 2
255.502 91.663 12.6 0
255.568 91.621 12.6 0
255.568 91.621 12.6 0
243.34 36.65 14.7 -1
244.95 76.71 12.6 4
243.34 36.65 14.7 -1
160 19.21 13.1 0
145.08 25.82 12.6 13
135.35 44.14 11 -1
132.17 205.62 12 1
160 220.78 13.1 -2
132.17 205.62 12 1
95.47 166.88 11 0
160 126.32 3.7 2
95.47 166.88 11 0
157.43 136.22 4.7 0
181.5 77.8 7.8 0
181.5 77.8 7.8 0
163.71 125.11 3.7 0
163.69 143.3 5.5 1
160.48 116.91 3.4 1
86.12 131.7 10.5 0
59.21 119.99 13.1 2
143.77 117.43 4.7 6
131.64 99.4 6.6 1
239.75 120 11 1
93.35 86.04 10.5 0
111.71 214.75 13.6 1
65.82 105.08 12.6 0
65.82 105.08 12.6 0
152.54 134.63 4.7 1
176.15 131.73 5.1 2
121.48 195.58 11.5 -1
65.239 71.71 13.6 2
195.04 120 6.6 1
165.11 123.71 3.7 0
54.98 66.49 14.7 1
145.36 127.45 4.7 11
125.37 226.55 14.2 1
84.14 144.64 11 2
76.21 106.72 11.5 1
152.37 130.49 4.4 0
161.95 126.01 3.7 0
54.98 66.49 14.7 1
218.1 90.39 9.6 1
160 199.75 11 1
152.54 105.36 4.7 2
198.57 126.1 7 1
193.95 186.64 10.5 3
69.97 119.99 12 5
141.27 62.37 9.1 -3
161.41 122.77 3.4 1
111.71 25.24 13.6 1
171.73 103.84 5.1 0
117.8 98.49 7.8 3
84.41 81.48 11.5 -1
189.762 113.148 5.8 0
129.63 78.2 8.3 1
157.79 122.2 3.4 0
74.37 147.82 12 6
86.12 108.29 10.5 11
65.82 134.91 12.6 4
187.74 105.86 6.2 1
87.16 172.91 12 6
92.58 187.41 12.6 -2
103.4 161.11 10.1 2
148.29 46.12 10.5 0
148.29 46.12 10.5 0
148.29 46.12 10.5 0
166.32 120 3.7 0
186.415 112.971 5.8 0
84.41 81.48 11.5 -1
144.03 70.86 8.3 1
76.65 203.34 14.7 1
76.65 203.34 14.7 1
87.22 19.83 15.3 0
121.48 44.41 11.5 2
142.27 154.79 7 2
121.48 44.41 11.5 2
76.21 133.27 11.5 -1
280.54 32.41 17.8 0
280.54 32.41 17.8 0
75.04 163.28 12.6 1
181.02 130.71 5.5 1
168.77 175.38 8.7 0
100.76 38.46 13.1 -1
143.31 103.31 5.5 4
213.5 14.98 14.7 1
149.17 86.66 6.6 1
191.14 215.85 13.1 0
145.08 214.17 12.6 3
162.56 103.77 4.7 4
76.21 133.27 11.5 -1
145.08 214.17 12.6 3
68.14 28.14 15.9 1
116.71 204.95 12.6 -2
102.37 101.27 9.1 1
247.331 105.87 12 0
247.366 105.759 12 0
113.11 55.47 11 -1
107.08 47.16 12 0
180.59 91.64 6.6 1
188.35 99.4 6.6 0
260.76 19.23 17.1 1
188.35 99.4 6.6 0
143.84 131.73 5.1 4
148.38 131.61 4.7 -1
110.03 94.54 8.7 1
174.63 112.54 4.7 -1
174.63 112.54 4.7 -1
84.41 158.51 11.5 4
176.22 122.56 4.7 0
185.98 128.44 5.8 2
185.98 128.44 5.8 2
189.6 178.1 9.6 1
79.98 230.13 16.5 0
110.03 145.45 8.7 0
80.24 119.99 11 3
134.63 154.91 7.4 0
79.98 230.13 16.5 0
65.239 168.28 13.6 0
93.47 98.38 10.1 5
187.74 134.13 6.2 1
157.79 117.79 3.4 0
174.13 92.25 6.2 1
