x y radius
163.08 120.48 3.4
166.32 120 3.7
169.48 121.5 4
172.97 120 4.4
176.22 122.56 4.7
179.96 120 5.1
183.3 123.69 5.5
187.32 120 5.8
190.75 124.87 6.2
195.04 120 6.6
198.57 126.1 7
203.15 120 7.4
206.77 127.4 7.8
211.66 120 8.3
215.38 128.77 8.7
220.59 120 9.1
224.41 130.2 9.6
229.95 120 10.1
233.87 131.7 10.5
239.75 120 11
243.78 133.27 11.5
250.02 120 12
254.17 134.91 12.6
260.78 120 13.1
265.03 136.63 13.6
272.03 120 14.2
276.4 138.43 14.7
283.81 120 15.3
288.3 140.32 15.9
296.13 120 16.5
300.74 142.29 17.1
309 120 17.8
313.74 144.35 18.4
162.77 121.41 3.4
166.01 121.95 3.7
168.55 124.36 4
172.33 124 4.4
174.63 127.45 4.7
178.99 126.17 5.1
181.02 130.71 5.5
185.98 128.44 5.8
187.74 134.13 6.2
193.33 130.82 6.6
194.79 137.72 7
201.04 133.33 7.4
202.19 141.5 7.8
209.13 135.96 8.3
209.96 145.45 8.7
217.62 138.72 9.1
218.1 149.6 9.6
226.52 141.61 10.1
226.64 153.95 10.5
235.85 144.64 11
235.58 158.51 11.5
245.62 147.82 12
244.95 163.28 12.6
255.85 151.14 13.1
254.75 168.28 13.6
266.55 154.62 14.2
265.01 173.5 14.7
277.75 158.26 15.3
275.74 178.97 15.9
289.46 162.06 16.5
286.96 184.69 17.1
301.71 166.04 17.8
298.69 190.66 18.4
314.51 170.2 19.1
310.94 196.91 19.7
162.2 122.2 3.4
165.11 123.71 3.7
166.79 126.79 4
170.49 127.62 4.4
171.61 131.61 4.7
176.15 131.73 5.1
176.68 136.68 5.5
182.1 136.05 5.8
182.01 142.01 6.2
188.35 140.59 6.6
187.61 147.61 7
194.91 145.36 7.4
193.48 153.48 7.8
201.79 150.36 8.3
199.65 159.65 8.7
209.02 155.61 9.1
206.11 166.11 9.6
216.59 161.11 10.1
212.88 172.88 10.5
224.52 166.88 11
219.98 179.98 11.5
232.83 172.91 12
227.41 187.41 12.6
241.53 179.23 13.1
235.19 195.19 13.6
250.64 185.85 14.2
243.34 203.34 14.7
260.16 192.77 15.3
251.85 211.85 15.9
270.13 200.01 16.5
260.76 220.76 17.1
280.54 207.58 17.8
270.06 230.06 18.4
291.43 215.49 19.1
279.79 239.79 19.7
302.8 223.75 20.4
314.68 232.38 21.8
161.41 122.77 3.4
163.71 125.11 3.7
164.36 128.55 4
167.62 130.49 4.4
167.45 134.63 4.7
171.73 136.15 5.1
170.71 141.02 5.5
176.05 142.1 5.8
174.13 147.74 6.2
180.59 148.35 6.6
177.72 154.79 7
185.36 154.91 7.4
181.5 162.19 7.8
190.36 161.79 8.3
185.45 169.96 8.7
195.61 169.02 9.1
189.6 178.1 9.6
201.11 176.59 10.1
193.95 186.64 10.5
206.88 184.52 11
198.51 195.58 11.5
212.91 192.83 12
203.28 204.95 12.6
219.23 201.53 13.1
208.28 214.75 13.6
225.85 210.64 14.2
213.5 225.01 14.7
232.77 220.16 15.3
218.97 235.74 15.9
240.01 230.13 16.5
160.48 123.08 3.4
161.95 126.01 3.7
161.5 129.479 4
164 132.33 4.4
162.56 136.22 4.7
166.17 138.99 5.1
163.69 143.3 5.5
168.44 145.98 5.8
164.87 150.75 6.2
170.82 153.33 6.6
166.1 158.57 7
173.33 161.04 7.4
167.4 166.77 7.8
175.96 169.13 8.3
168.77 175.38 8.7
178.72 177.62 9.1
170.2 184.41 9.6
181.61 186.52 10.1
171.7 193.87 10.5
184.64 195.85 11
173.27 203.78 11.5
187.82 205.62 12
174.91 214.17 12.6
191.14 215.85 13.1
176.63 225.03 13.6
194.62 226.55 14.2
178.43 236.4 14.7
198.26 237.75 15.3
159.51 123.08 3.4
160 126.32 3.7
158.49 129.479 4
160 132.97 4.4
157.43 136.22 4.7
160 139.96 5.1
156.3 143.3 5.5
160 147.32 5.8
155.12 150.75 6.2
160 155.04 6.6
153.89 158.57 7
160 163.15 7.4
152.59 166.77 7.8
160 171.66 8.3
151.22 175.38 8.7
160 180.59 9.1
149.79 184.41 9.6
160 189.95 10.1
148.29 193.87 10.5
160 199.75 11
146.72 203.78 11.5
160 210.02 12
145.08 214.17 12.6
160 220.78 13.1
143.36 225.03 13.6
160 232.03 14.2
141.56 236.4 14.7
158.58 122.77 3.4
158.04 126.01 3.7
155.63 128.55 4
155.99 132.33 4.4
152.54 134.63 4.7
153.82 138.99 5.1
149.28 141.02 5.5
151.55 145.98 5.8
145.86 147.74 6.2
149.17 153.33 6.6
142.27 154.79 7
146.66 161.04 7.4
138.49 162.19 7.8
144.03 169.13 8.3
134.54 169.96 8.7
141.27 177.62 9.1
130.39 178.1 9.6
138.38 186.52 10.1
126.04 186.64 10.5
135.35 195.85 11
121.48 195.58 11.5
132.17 205.62 12
116.71 204.95 12.6
128.85 215.85 13.1
111.71 214.75 13.6
125.37 226.55 14.2
106.49 225.01 14.7
121.73 237.75 15.3
101.02 235.74 15.9
157.79 122.2 3.4
156.28 125.11 3.7
153.2 126.79 4
152.37 130.49 4.4
148.38 131.61 4.7
148.26 136.15 5.1
143.31 136.68 5.5
143.94 142.1 5.8
137.98 142.01 6.2
139.4 148.35 6.6
132.38 147.61 7
134.63 154.91 7.4
126.51 153.48 7.8
129.63 161.79 8.3
120.34 159.65 8.7
124.38 169.02 9.1
113.88 166.11 9.6
118.88 176.59 10.1
107.11 172.88 10.5
113.11 184.52 11
100.01 179.98 11.5
107.08 192.83 12
92.58 187.41 12.6
100.76 201.53 13.1
84.8 195.19 13.6
94.14 210.64 14.2
76.65 203.34 14.7
87.22 220.16 15.3
68.14 211.85 15.9
79.98 230.13 16.5
59.23 220.76 17.1
49.93 230.06 18.4
40.2 239.79 19.7
157.22 121.41 3.4
154.88 123.71 3.7
151.44 124.36 4
149.5 127.62 4.4
145.36 127.45 4.7
143.84 131.73 5.1
138.97 130.71 5.5
137.89 136.05 5.8
132.25 134.13 6.2
131.64 140.59 6.6
125.2 137.72 7
125.08 145.36 7.4
117.8 141.5 7.8
118.2 150.36 8.3
110.03 145.45 8.7
110.97 155.61 9.1
101.89 149.6 9.6
103.4 161.11 10.1
93.35 153.95 10.5
95.47 166.88 11
84.41 158.51 11.5
87.16 172.91 12
75.04 163.28 12.6
78.46 179.23 13.1
65.239 168.28 13.6
69.35 185.85 14.2
54.98 173.5 14.7
59.83 192.77 15.3
44.25 178.97 15.9
49.86 200.01 16.5
33.03 184.69 17.1
39.45 207.58 17.8
21.3 190.66 18.4
28.56 215.49 19.1
9.05 196.91 19.7
17.19 223.75 20.4
5.31 232.38 21.8
156.91 120.48 3.4
153.98 121.95 3.7
150.51 121.5 4
147.66 124 4.4
143.77 122.56 4.7
141 126.17 5.1
136.69 123.69 5.5
134.01 128.44 5.8
129.24 124.87 6.2
126.66 130.82 6.6
121.42 126.1 7
118.95 133.33 7.4
113.22 127.4 7.8
110.86 135.96 8.3
104.61 128.77 8.7
102.37 138.72 9.1
95.58 130.2 9.6
93.47 141.61 10.1
86.12 131.7 10.5
84.14 144.64 11
76.21 133.27 11.5
74.37 147.82 12
65.82 134.91 12.6
64.14 151.14 13.1
54.96 136.63 13.6
53.44 154.62 14.2
43.59 138.43 14.7
42.24 158.26 15.3
31.69 140.32 15.9
30.53 162.06 16.5
19.25 142.29 17.1
18.28 166.04 17.8
6.25 144.35 18.4
5.48 170.2 19.1
156.91 119.51 3.4
153.67 120 3.7
150.51 118.49 4
147.02 120 4.4
143.77 117.43 4.7
140.03 120 5.1
136.69 116.3 5.5
132.67 120 5.8
129.24 115.12 6.2
124.95 120 6.6
121.42 113.89 7
116.84 120 7.4
113.22 112.59 7.8
108.33 119.99 8.3
104.61 111.22 8.7
99.4 119.99 9.1
95.58 109.79 9.6
90.04 119.99 10.1
86.12 108.29 10.5
80.24 119.99 11
76.21 106.72 11.5
69.97 119.99 12
65.82 105.08 12.6
59.21 119.99 13.1
54.96 103.36 13.6
47.96 119.99 14.2
43.59 101.56 14.7
36.18 119.99 15.3
31.69 99.67 15.9
23.86 119.99 16.5
19.25 97.7 17.1
10.99 119.99 17.8
6.25 95.64 18.4
157.22 118.58 3.4
153.98 118.04 3.7
151.44 115.63 4
147.66 115.99 4.4
145.36 112.54 4.7
141 113.82 5.1
138.97 109.28 5.5
134.01 111.55 5.8
132.25 105.86 6.2
126.66 109.17 6.6
125.2 102.27 7
118.95 106.66 7.4
117.8 98.49 7.8
110.86 104.03 8.3
110.03 94.54 8.7
102.37 101.27 9.1
101.89 90.39 9.6
93.47 98.38 10.1
93.35 86.04 10.5
84.14 95.35 11
84.41 81.48 11.5
74.37 92.17 12
75.04 76.71 12.6
64.14 88.85 13.1
65.239 71.71 13.6
53.44 85.37 14.2
54.98 66.49 14.7
42.24 81.73 15.3
44.25 61.02 15.9
30.53 77.93 16.5
33.03 55.3 17.1
18.28 73.95 17.8
21.3 49.33 18.4
5.48 69.79 19.1
9.05 43.08 19.7
157.79 117.79 3.4
154.88 116.28 3.7
153.2 113.2 4
149.5 112.37 4.4
148.38 108.38 4.7
143.84 108.26 5.1
143.31 103.31 5.5
137.89 103.94 5.8
137.98 97.98 6.2
131.64 99.4 6.6
132.38 92.38 7
125.08 94.63 7.4
126.51 86.51 7.8
118.2 89.63 8.3
120.34 80.34 8.7
110.97 84.38 9.1
113.88 73.88 9.6
103.4 78.88 10.1
107.11 67.11 10.5
95.47 73.11 11
100.01 60.01 11.5
87.16 67.08 12
92.58 52.58 12.6
78.46 60.76 13.1
84.8 44.8 13.6
69.35 54.14 14.2
76.65 36.65 14.7
59.83 47.22 15.3
68.14 28.14 15.9
49.86 39.98 16.5
59.23 19.23 17.1
39.45 32.41 17.8
49.93 9.93 18.4
28.56 24.5 19.1
40.2 0.2 19.7
17.19 16.24 20.4
5.31 7.61 21.8
158.58 117.22 3.4
156.28 114.88 3.7
155.63 111.44 4
152.37 109.5 4.4
152.54 105.36 4.7
148.26 103.84 5.1
149.28 98.97 5.5
143.94 97.89 5.8
145.86 92.25 6.2
139.4 91.64 6.6
142.27 85.2 7
134.63 85.08 7.4
138.49 77.8 7.8
129.63 78.2 8.3
134.54 70.03 8.7
124.38 70.97 9.1
130.39 61.89 9.6
118.88 63.4 10.1
126.04 53.35 10.5
113.11 55.47 11
121.48 44.41 11.5
107.08 47.16 12
116.71 35.04 12.6
100.76 38.46 13.1
111.71 25.24 13.6
94.14 29.35 14.2
106.49 14.98 14.7
87.22 19.83 15.3
101.02 4.25 15.9
79.98 9.86 16.5
159.51 116.91 3.4
158.04 113.98 3.7
158.49 110.51 4
155.99 107.66 4.4
157.43 103.77 4.7
153.82 101 5.1
156.3 96.69 5.5
151.55 94.01 5.8
155.12 89.24 6.2
149.17 86.66 6.6
153.89 81.42 7
146.66 78.95 7.4
152.59 73.22 7.8
144.03 70.86 8.3
151.22 64.61 8.7
141.27 62.37 9.1
149.79 55.58 9.6
138.38 53.47 10.1
148.29 46.12 10.5
135.35 44.14 11
146.72 36.21 11.5
132.17 34.37 12
145.08 25.82 12.6
128.85 24.14 13.1
143.36 14.96 13.6
125.37 13.44 14.2
141.56 3.59 14.7
121.73 2.24 15.3
160.48 116.91 3.4
160 113.67 3.7
161.5 110.51 4
160 107.02 4.4
162.56 103.77 4.7
160 100.03 5.1
163.69 96.69 5.5
160 92.67 5.8
164.87 89.24 6.2
160 84.95 6.6
166.1 81.42 7
160 76.84 7.4
167.4 73.22 7.8
160 68.33 8.3
168.77 64.61 8.7
160 59.4 9.1
170.2 55.58 9.6
160 50.04 10.1
171.7 46.12 10.5
160 40.24 11
173.27 36.21 11.5
160 29.97 12
174.91 25.82 12.6
160 19.21 13.1
176.63 14.96 13.6
160 7.96 14.2
178.43 3.59 14.7
161.41 117.22 3.4
161.95 113.98 3.7
164.36 111.44 4
164 107.66 4.4
167.45 105.36 4.7
166.17 101 5.1
170.71 98.97 5.5
168.44 94.01 5.8
174.13 92.25 6.2
170.82 86.66 6.6
177.72 85.2 7
173.33 78.95 7.4
181.5 77.8 7.8
175.96 70.86 8.3
185.45 70.03 8.7
178.72 62.37 9.1
189.6 61.89 9.6
181.61 53.47 10.1
193.95 53.35 10.5
184.64 44.14 11
198.51 44.41 11.5
187.82 34.37 12
203.28 35.04 12.6
191.14 24.14 13.1
208.28 25.24 13.6
194.62 13.44 14.2
213.5 14.98 14.7
198.26 2.24 15.3
218.97 4.25 15.9
162.2 117.79 3.4
163.71 114.88 3.7
166.79 113.2 4
167.62 109.5 4.4
171.61 108.38 4.7
171.73 103.84 5.1
176.68 103.31 5.5
176.05 97.89 5.8
182.01 97.98 6.2
180.59 91.64 6.6
187.61 92.38 7
185.36 85.08 7.4
193.48 86.51 7.8
190.36 78.2 8.3
199.65 80.34 8.7
195.61 70.97 9.1
206.11 73.88 9.6
201.11 63.4 10.1
212.88 67.11 10.5
206.88 55.47 11
219.98 60.01 11.5
212.91 47.16 12
227.41 52.58 12.6
219.23 38.46 13.1
235.19 44.8 13.6
225.85 29.35 14.2
243.34 36.65 14.7
232.77 19.83 15.3
251.85 28.14 15.9
240.01 9.86 16.5
260.76 19.23 17.1
270.06 9.93 18.4
279.79 0.2 19.7
162.77 118.58 3.4
165.11 116.28 3.7
168.55 115.63 4
170.49 112.37 4.4
174.63 112.54 4.7
176.15 108.26 5.1
181.02 109.28 5.5
182.1 103.94 5.8
187.74 105.86 6.2
188.35 99.4 6.6
194.79 102.27 7
194.91 94.63 7.4
202.19 98.49 7.8
201.79 89.63 8.3
209.96 94.54 8.7
209.02 84.38 9.1
218.1 90.39 9.6
216.59 78.88 10.1
226.64 86.04 10.5
224.52 73.11 11
235.58 81.48 11.5
232.83 67.08 12
244.95 76.71 12.6
241.53 60.76 13.1
254.75 71.71 13.6
250.64 54.14 14.2
265.01 66.49 14.7
260.16 47.22 15.3
275.74 61.02 15.9
270.13 39.98 16.5
286.96 55.3 17.1
280.54 32.41 17.8
298.69 49.33 18.4
291.43 24.5 19.1
310.94 43.08 19.7
302.8 16.24 20.4
314.68 7.61 21.8
