x y saccadeNo stepCount
*******************************
Starting saccade: 1
5.89 -18.12 1 0
-23.1104 -2.12037 
-10.29 -1.63 1 1
-31.4528 -2.5475 
Failed to fixate on saccade: 1
*******************************
*******************************
Starting saccade: 2
-3.77 -1.92 2 0
-33.7761 -4.46555 
Failed to fixate on saccade: 2
*******************************
*******************************
Starting saccade: 3
Failed to fixate on saccade: 3
*******************************
*******************************
Starting saccade: 4
Fixated on saccade: 4
*******************************
*******************************
Starting saccade: 5
5.16 32.619 5 0
-14.8403 14.6188 
Failed to fixate on saccade: 5
*******************************
*******************************
Starting saccade: 6
2.8381 -39.6221 6 0
7.13 5.18 6 1
-4.87244 -19.8199 
5.16 32.619 6 2
0.299687 12.7978 
13.7081 -43.8166 6 3
5.16 32.619 6 4
19.1641 1.61909 
-45.1778 -36.6193 6 5
29.38 9.54 6 6
3.36945 -25.4596 
Failed to fixate on saccade: 6
*******************************
*******************************
Starting saccade: 7
-10.29 -1.63 7 0
-0.289916 -4.63013 
Failed to fixate on saccade: 7
*******************************
*******************************
Starting saccade: 8
-3.36 4.63 8 0
-3.65378 0.000905514 
Fixated on saccade: 8
*******************************
*******************************
Starting saccade: 9
7.16 1.13 9 0
4.98949 0.511588 
Failed to fixate on saccade: 9
*******************************
*******************************
Starting saccade: 10
7.16 1.13 10 0
12.1487 1.64116 
Failed to fixate on saccade: 10
*******************************
*******************************
Starting saccade: 11
-35.22 0 11 0
-23.0722 1.64074 
Failed to fixate on saccade: 11
*******************************
*******************************
Starting saccade: 12
35.22 0 12 0
12.1379 1.64074 
Failed to fixate on saccade: 12
*******************************
*******************************
Starting saccade: 13
48.0159 -21.9998 13 0
-11.0319 5.00032 13 1
19.0212 38.0388 13 2
0 0 13 3
0 0 13 4
-24.031 -13.9985 13 5
0.00170456 0 13 6
0 0 13 7
-4.00743 13.0052 13 8
0 0 13 9
0 0 13 10
0 0 13 11
-10.0092 -17.0159 13 12
0 0 13 13
0 0 13 14
-13.58 2.15 13 15
-23.5779 -5.85045 
24.46 3.87 13 16
0.869928 -1.97922 
-10.29 -1.63 13 17
-9.40082 -3.61031 
10.29 1.63 13 18
0.881908 -1.97927 
-10.29 -1.63 13 19
-9.39741 -3.60939 
1.22 0.62 13 20
-5.3892 0.0738447 
1.22 0.62 13 21
-5.94148 -0.227986 
15.1996 -2.51708 13 22
-10.29 -1.63 13 23
1.71977 -4.62921 
-8.81 0 13 24
-7.09751 -4.62909 
-15.9002 -21.3732 13 25
15.36 7.83 13 26
-7.64711 -18.1696 
35.34 48.64 13 27
27.7047 30.4688 
Failed to fixate on saccade: 13
*******************************
*******************************
Starting saccade: 14
-6.24 12.25 14 0
21.4773 30.2499 
Failed to fixate on saccade: 14
*******************************
*******************************
Starting saccade: 15
-34.018 -23.0004 15 0
43.0198 17.0004 15 1
0 0 15 2
35.22 0 15 3
64.2226 2.00019 
Failed to fixate on saccade: 15
*******************************
*******************************
Starting saccade: 16
35.22 0 16 0
65.2061 2.00019 
Failed to fixate on saccade: 16
*******************************
*******************************
Starting saccade: 17
-35.22 0 17 0
-5.22026 2.00019 
Failed to fixate on saccade: 17
*******************************
*******************************
Starting saccade: 18
-17.7871 -18.0339 18 0
18.15 24.99 18 1
-4.86563 8.99014 
-16.1661 -3.9869 18 2
0 0 18 3
0 0 18 4
22.0162 -17.0004 18 5
2.69 17.03 18 6
3.70191 5.02985 
-22.7236 4.96922 18 7
12.0223 -41.0077 18 8
2.99 2.99 18 9
-4.00954 -28.0099 
31.0163 13.0089 18 10
0 0 18 11
-39.0209 18.0001 18 12
0 0 18 13
1.02785 -1.99848 18 14
0 0 18 15
7.16 1.13 18 16
-3.84016 2.1305 
Failed to fixate on saccade: 18
*******************************
*******************************
Starting saccade: 19
4.88869 9.73905 19 0
-0.00340913 0 19 1
0 0 19 2
-28.0179 -37.0236 19 3
24.46 3.87 19 4
-3.55342 -24.1299 
-9.45522 36.1519 19 5
-7.00235 -19.0007 19 6
43.0198 11.9991 19 7
-0.00170456 0 19 8
-45.0193 -26.0004 19 9
5.16 32.619 19 10
-16.8516 11.6197 
-9.16885 -9.76924 19 11
0 0 19 12
35.22 0 19 13
9.20433 2.00111 
-35.22 0 19 14
-26.0108 2.00111 
35.22 0 19 15
9.20093 2.00111 
-35.22 0 19 16
-26.0108 2.00111 
12.041 -13.0025 19 17
15.36 7.83 19 18
1.37174 -3.17046 
Fixated on saccade: 19
*******************************
*******************************
Starting saccade: 20
10.0314 -19.0455 20 0
5.16 32.619 20 1
-14.8351 15.6194 
7.86145 -7.67838 20 2
-0.00170456 0 20 3
0 0 20 4
0 0 20 5
-5.0404 8.04057 20 6
0.00340913 0 20 7
0.00170456 0 20 8
0 0 20 9
0 0 20 10
0 0 20 11
-16.0434 -6.99789 20 12
0.00170456 0 20 13
0 0 20 14
-18.46 -13.41 20 15
-15.4589 -4.41009 
29.38 9.54 20 16
13.9105 5.1295 
-32.939 -27.129 20 17
0.00170456 0 20 18
5.16 32.619 20 19
-13.8465 10.6191 
38.8641 -20.6187 20 20
-46.0233 -9.00003 20 21
35.34 48.64 20 22
14.3272 29.6401 
Failed to fixate on saccade: 20
*******************************
*******************************
Starting saccade: 21
14.6644 -42.0102 21 0
-33.014 7.99941 21 1
5.16 32.619 21 2
1.15027 16.6182 
-31.1629 -9.61741 21 3
23.0355 -24.0101 21 4
5.16 32.619 21 5
-1.82079 15.6194 
3.81823 -45.6349 21 6
-15.36 7.83 21 7
-13.3628 -22.1702 
17.3866 -0.829576 21 8
0 0 21 9
15.29 47.06 21 10
19.2985 24.0604 
Failed to fixate on saccade: 21
*******************************
*******************************
Starting saccade: 22
-35.3186 -10.9994 22 0
9.05294 -0.999698 22 1
-0.00340913 0 22 2
0 0 22 3
0 0 22 4
5.01142 -15.0092 22 5
-6.24 12.25 22 6
-8.23494 3.24986 
6.25916 -12.2488 22 7
-6.24 12.25 22 8
-8.23664 3.24986 
14.2638 13.7561 22 9
1.98411 -52.0163 22 10
-25.0247 29.0553 22 11
15.36 7.83 22 12
-1.64363 1.82895 
-1.38922 15.1821 22 13
-5.86 -37 22 14
-8.86234 -19.9998 
-20.1497 33.0074 22 15
37.03 -10.9976 22 16
-18.12 5.89 22 17
-10.1074 7.89111 
-1.91593 -4.90245 22 18
0.00170456 0 22 19
-2.99322 -38.0269 22 20
-0.00170456 0 22 21
0 0 22 22
13.0178 10.0025 22 23
0 0 22 24
0 0 22 25
-24.0156 34.0144 22 26
0.00170456 0 22 27
0 0 22 28
8.04896 6.02014 22 29
-0.00340913 0 22 30
0 0 22 31
0 0 22 32
0.00170456 -5.00215 22 33
0 -0.000914637 22 34
0 0 22 35
0 0 22 36
-0.00170456 0 22 37
11.0285 -6.9988 22 38
0 0 22 39
32.0168 -38.0041 22 40
-0.00170456 0 22 41
-50.0136 22.9995 22 42
0 0 22 43
49.0199 -1.9994 22 44
-34.0282 31.0016 22 45
0 0 22 46
0.00170456 0 22 47
-2.00116 -20.0013 22 48
0 0 22 49
41.0101 -22.9995 22 50
0 0 22 51
-40.0215 27.9998 22 52
0 0 22 53
3.03583 -0.999698 22 54
-0.00340913 0 22 55
0 0 22 56
0 0 22 57
0 0 22 58
36.0192 12.9997 22 59
0 0 22 60
-53.0137 -24.0001 22 61
39.0226 0.998784 22 62
0 0 22 63
13.0109 -12.9997 22 64
-0.00170456 0 22 65
0 0 22 66
-40.0215 21.0001 22 67
0 0 22 68
0 0 22 69
Failed to fixate on saccade: 22
*******************************
*******************************
Starting saccade: 23
5.03358 -3.99788 23 0
-0.00170456 0 23 1
0 0 23 2
7.01088 -21.0019 23 3
0 0 23 4
-0.00170456 0 23 5
-20.0201 0.998784 23 6
48.0244 -1.99848 23 7
0 0 23 8
-53.012 38.0004 23 9
-0.995466 -43.0181 23 10
0 0 23 11
32.022 37.03 23 12
0 0 23 13
0 0 23 14
-20.015 -36.0221 23 15
10.0382 -2.00123 23 16
-0.00170456 0 23 17
-0.00170456 0 23 18
-13.0178 29.0571 23 19
0 0 23 20
0 0 23 21
40.0198 -10.9994 23 22
0 0 23 23
-46.0233 32.0004 23 24
0 0 23 25
39.0192 -23.0004 23 26
6.00859 20.0827 23 27
0 0 23 28
0 0 23 29
-35.0066 -41.0068 23 30
0 0 23 31
-12.0087 44.016 23 32
0.00170456 0 23 33
-0.988648 -29.0388 23 34
0 0 23 35
0 0 23 36
8.02168 -14.0104 23 37
0 0 23 38
21.0139 -1.00061 23 39
0 0 23 40
0 0 23 41
-7.05349 8.0735 23 42
0.00170456 0 23 43
0 0 23 44
0 0 23 45
26.0185 32.0031 23 46
0 0 23 47
0 0 23 48
Failed to fixate on saccade: 23
*******************************
*******************************
Starting saccade: 24
-13.41 -18.46 24 0
7.59135 -5.46038 
Failed to fixate on saccade: 24
*******************************
*******************************
Starting saccade: 25
-13.58 2.15 25 0
-5.99358 -3.3105 
-10.29 -1.63 25 1
-19.5924 -1.93195 
Failed to fixate on saccade: 25
*******************************
*******************************
Starting saccade: 26
Failed to fixate on saccade: 26
*******************************
*******************************
Starting saccade: 27
17.03 2.69 27 0
-5.14528 1.30329 
Failed to fixate on saccade: 27
*******************************
*******************************
Starting saccade: 28
12.25 -6.24 28 0
7.10332 -4.93676 
Failed to fixate on saccade: 28
*******************************
*******************************
Starting saccade: 29
6.91542 2.94056 29 0
10.29 1.63 29 1
24.3009 -0.371343 
Fixated on saccade: 29
*******************************
*******************************
Starting saccade: 30
-10.5853 5.12928 30 0
0.00170456 0 30 1
0.00170456 0 30 2
0 0 30 3
26.76 0 30 4
40.7624 5.0002 
Failed to fixate on saccade: 30
*******************************
*******************************
Starting saccade: 31
26.76 0 31 0
56.77 5.0002 
Failed to fixate on saccade: 31
*******************************
*******************************
Starting saccade: 32
-57.0058 10.9994 32 0
28.0265 -10.9967 32 1
0 -8.81 32 2
1.01362 -3.80888 
-2.99 2.99 32 3
-1.96786 -0.817751 
17.03 2.69 32 4
15.1902 2.5975 
-10.29 -1.63 32 5
4.91412 0.967452 
12.06 0 32 6
16.9703 0.967569 
-15.47 0 32 7
1.51028 0.967569 
12.25 -6.24 32 8
13.7409 -5.27243 
-13.58 2.15 32 9
0.170126 -3.12117 
-3.77 1.92 32 10
-3.59844 -1.20086 
Fixated on saccade: 32
*******************************
*******************************
Starting saccade: 33
17.03 2.69 33 0
11.3992 2.20421 
Failed to fixate on saccade: 33
*******************************
*******************************
Starting saccade: 34
-15.47 0 34 0
-2.7017 -0.0824344 
Fixated on saccade: 34
*******************************
*******************************
Starting saccade: 35
-1.63 -10.29 35 0
-0.630019 0.710221 
Failed to fixate on saccade: 35
*******************************
*******************************
Starting saccade: 36
26.76 0 36 0
26.1372 0.71147 
Failed to fixate on saccade: 36
*******************************
*******************************
Starting saccade: 37
16.767 -3.75 37 0
17.767 5.24991 
Failed to fixate on saccade: 37
*******************************
*******************************
Starting saccade: 38
12.06 0 38 0
29.8329 5.2499 
Failed to fixate on saccade: 38
*******************************
*******************************
Starting saccade: 39
26.76 0 39 0
7.76203 2.99989 
Failed to fixate on saccade: 39
*******************************
*******************************
Starting saccade: 40
-4.19 0.66 40 0
3.57881 3.65989 
Failed to fixate on saccade: 40
*******************************
*******************************
Starting saccade: 41
-5.13 -5.13 41 0
-1.55101 -1.46974 
Fixated on saccade: 41
*******************************
*******************************
Starting saccade: 42
-7.16 -1.13 42 0
-9.03732 -1.40817 
Fixated on saccade: 42
*******************************
*******************************
Starting saccade: 43
9.63761 -32.2483 43 0
-3.01026 27.0339 43 1
0 0 43 2
22.0179 -13.9985 43 3
-0.00170456 0 43 4
0 0 43 5
-6.01711 -15.0247 43 6
0 0 43 7
0 0 43 8
0 0 43 9
2.00286 16.0208 43 10
0 0 43 11
0 0 43 12
0 0 43 13
8.00975 24.011 43 14
-0.00170456 0 43 15
0 0 43 16
-44.0136 -29.0004 43 17
0 0 43 18
22.0264 14.0013 43 19
0 0 43 20
0 0 43 21
16.011 18.0531 43 22
-0.00170456 0 43 23
0 0 43 24
0 0 43 25
-16.0348 1.00153 43 26
0.00170456 0 43 27
0.00170456 0 43 28
-23.015 -15 43 29
0 0 43 30
2.03355 6.03112 43 31
Failed to fixate on saccade: 43
*******************************
*******************************
Starting saccade: 44
45.3482 10.2458 44 0
0 0 44 1
-26.0253 -18.9988 44 2
0 0 44 3
0 0 44 4
15.0309 14.0104 44 5
-0.00170456 0 44 6
0 0 44 7
0 0 44 8
-24.0224 4.00062 44 9
-12.0053 -16.0299 44 10
0 0 44 11
0.00170456 0 44 12
0 0 44 13
30.0174 -21.9998 44 14
0 0 44 15
-26.0236 16.0016 44 16
0.00170456 0 44 17
0 0 44 18
36.026 16.9994 44 19
-0.00170456 0 44 20
0 0 44 21
-42.009 -6.99972 44 22
42.0209 -24.9998 44 23
-0.00170456 0 44 24
13.0144 18.0403 44 25
-0.00170456 0 44 26
0 0 44 27
-12.0189 22.0034 44 28
0 0 44 29
0 0 44 30
10.0058 -46.02 44 31
0 0.000914637 44 32
-27.0276 2.00031 44 33
0.00340913 0 44 34
6.03416 7.06648 44 35
-0.00170456 0 44 36
0 0 44 37
-0.00170456 0 44 38
-32.01 -6.99972 44 39
0 0 44 40
37.0283 6.99972 44 41
0 0 44 42
-0.00170456 0 44 43
10.016 -3.99971 44 44
-0.00170456 0 44 45
0 0 44 46
0 0 44 47
-28.0265 -2.99727 44 48
0.00681826 19.0876 44 49
0 0 44 50
0 0 44 51
0 0 44 52
-20.015 24.0083 44 53
0 0 44 54
0 0 44 55
14.0098 -39.0019 44 56
0 0 44 57
28.0179 -6.00002 44 58
0 0 44 59
0 0 44 60
-25.023 12.9997 44 61
-4.00061 1.0061 44 62
0.00170456 0 44 63
0 0 44 64
0 0 44 65
0 0 44 66
44.0119 30.9998 44 67
0 0 44 68
-16.0314 7.00063 44 69
0 0 44 70
0 0 44 71
-17.003 -52.0172 44 72
0 0 44 73
29.0219 31.0025 44 74
-40.0215 -6.00002 44 75
25.0298 -9.99973 44 76
-0.00170456 0 44 77
0 0 44 78
-38.0169 -1.00061 44 79
0 0 44 80
0.00170456 0 44 81
34.0214 14.9991 44 82
0 0 44 83
0 0 44 84
-21.0292 17.0022 44 85
41.0186 -21.9988 44 86
-0.00170456 0 44 87
-53.0086 -17.0004 44 88
0 0 44 89
30.0276 14.0003 44 90
0 0 44 91
-0.00170456 0 44 92
0 0 44 93
40.0232 6.9988 44 94
-21.0258 23.0049 44 95
12.0393 -21.0001 44 96
19.0144 -15.0119 44 97
-0.00170456 0 44 98
0 0 44 99
0 0 44 100
-36.0192 37.0346 44 101
0 0 44 102
0 0 44 103
18.0241 -16.0125 44 104
0 0 44 105
Fixated on saccade: 44
*******************************
*******************************
Starting saccade: 45
19.2889 -9.84515 45 0
-0.00170456 0 45 1
-20.0338 18.0001 45 2
0.00340913 0 45 3
0 0 45 4
-13.0058 -42.0157 45 5
36.0158 46.9995 45 6
-13.0433 -10.9976 45 7
0 0 45 8
0 0 45 9
-4.01255 5.01495 45 10
0 0 45 11
0 0 45 12
0 0 45 13
0 0 45 14
-33.0123 -15 45 15
0 0 45 16
47.017 21.0001 45 17
8.00123 -44.0169 45 18
0 0 45 19
-48.0125 47.0004 45 20
0 0 45 21
22.023 -12.9979 45 22
0 0 45 23
-0.00170456 0 45 24
13.0161 12.0064 45 25
0 0 45 26
-0.00170456 0 45 27
0 0 45 28
7.02451 -8.02594 45 29
-0.00170456 0 45 30
-13.0416 -2.99818 45 31
0.00170456 0 45 32
0 0 45 33
0 0 45 34
-36.0106 -3.99879 45 35
0 0 45 36
9.02567 10.093 45 37
-0.00340913 0 45 38
-0.00340913 0 45 39
0 0.000914637 45 40
35.0203 4.00062 45 41
0 0 45 42
0 0 45 43
-10.0075 -30.0019 45 44
-24.0241 -3.99879 45 45
0.00340913 0 45 46
0 0 45 47
11.0354 10.0016 45 48
-0.00340913 0 45 49
-0.00170456 -0.000914637 45 50
-18.0224 -4.99758 45 51
0.00170456 0 45 52
0 0 45 53
0.00170456 0 45 54
48.0142 24.9998 45 55
0 0 45 56
-51.0142 4.00062 45 57
36.0209 -28.0016 45 58
-0.00170456 0 45 59
15.0138 -11.0003 45 60
-0.00170456 0 45 61
0 0 45 62
-12.0189 25.0117 45 63
0 0 45 64
0 -0.000914637 45 65
-36.0158 -34.0099 45 66
0 0 45 67
0.00170456 0 45 68
16.0331 14.0086 45 69
0 0 45 70
25.0162 30.001 45 71
0 0 45 72
-33.0242 -21.0001 45 73
0 0 45 74
0 0 45 75
-5.00119 -17.0251 45 76
0 0 45 77
0 0 45 78
0 0 45 79
36.0158 3.99879 45 80
Failed to fixate on saccade: 45
*******************************
*******************************
Starting saccade: 46
0 0 46 0
-32.0203 5.00032 46 1
13.0382 -14.0068 46 2
-0.00340913 0 46 3
-4.04664 4.00977 46 4
0 0 46 5
0 0 46 6
0 0 46 7
0 0 46 8
33.0174 8.00033 46 9
-0.00170456 0 46 10
-3.01197 8.06801 46 11
-0.00170456 0 46 12
0 0 46 13
0 0 46 14
0 0 46 15
-14.0439 6.00093 46 16
0.00170456 0 46 17
-11.0285 7.99941 46 18
0.00511369 0 46 19
0 0 46 20
0 0 46 21
13.0212 4.00062 46 22
0 0 46 23
0 0 46 24
5.99836 -40.008 46 25
0 0 46 26
-18.0275 19.0629 46 27
0.00170456 0 46 28
0 0 46 29
0 0 46 30
-26.0151 11.0003 46 31
0 0 46 32
22.0264 -14.9991 46 33
-0.00170456 0 46 34
-5.01313 28.0455 46 35
0 0 46 36
0 0 46 37
11.0319 -9.9979 46 38
-0.00170456 0 46 39
0 -0.000914637 46 40
-0.00170456 0 46 41
12.0087 -23.0068 46 42
0 0 46 43
0 0 46 44
8.02509 8.0735 46 45
0 0 46 46
0 0 46 47
-49.0114 13.9994 46 48
Failed to fixate on saccade: 46
*******************************
*******************************
Starting saccade: 47
-1.99264 -10.9994 47 0
-27.0208 -9.00003 47 1
0.00170456 0 47 2
0 0 47 3
35.0237 25.0007 47 4
-0.00170456 0 47 5
0 0 47 6
-23.0219 -12.9997 47 7
0 0 47 8
0 0 47 9
35.0237 16.9994 47 10
-0.00170456 0 47 11
0 0 47 12
-50.0188 3.00001 47 13
51.0142 -25.9995 47 14
-4.99949 18.043 47 15
-0.00170456 0 47 16
0 0 47 17
-7.05349 1.00793 47 18
0 0 47 19
0 0 47 20
0 0 47 21
-12.0087 -29.0022 47 22
0 0 47 23
0 0 47 24
-7.00406 33.0111 47 25
6.0495 6.02563 47 26
-0.00340913 0 47 27
0 0 47 28
0 0 47 29
20.0133 -15.9997 47 30
0 0 47 31
0 0 47 32
-36.0192 19.9995 47 33
0 0 47 34
-4.02107 -1.99574 47 35
0.00170456 0 47 36
0 0 47 37
0 0 47 38
0 0 47 39
43.0079 -39.0038 47 40
2.00968 12.0046 47 41
0 0 47 42
0 0 47 43
-59.0086 30.0001 47 44
22.0332 -32.0022 47 45
0 0 47 46
-20.0218 25.0098 47 47
0 0 47 48
0 0 47 49
0 0 47 50
-2.00627 -38.0032 47 51
0 0 47 52
9.01203 29.0388 47 53
0 0 47 54
0 0 47 55
-10.028 -3.99605 47 56
0.00340913 -0.000914637 47 57
0 0 47 58
-21.0224 3.00092 47 59
0.00340913 0 47 60
0.00170456 0 47 61
15.0257 17.0479 47 62
0 0 47 63
-38.0237 -24.0001 47 64
0 0 47 65
0 0 47 66
54.016 3.00001 47 67
-25.0298 3.99788 47 68
0.00170456 0 47 69
0.00170456 0 47 70
20.0235 12.9997 47 71
0 0 47 72
0 0 47 73
-5.03358 -1.99391 47 74
0.00170456 0 47 75
0 0 47 76
-3.00344 -24.0056 47 77
0.00170456 0 47 78
0 0 47 79
-40.0147 3.00001 47 80
0 0 47 81
2.01991 -3.99879 47 82
0.00170456 0 47 83
0 0 47 84
0 0 47 85
15.0155 22.0053 47 86
0 0 47 87
-0.00170456 0 47 88
Failed to fixate on saccade: 47
*******************************
*******************************
Starting saccade: 48
0.639212 -6.30368 48 0
0 0 48 1
0 0 48 2
42.0175 -27.0001 48 3
-0.00170456 0 48 4
-15.0121 47.0325 48 5
0 0 48 6
-39.0073 1.00153 48 7
0 0 48 8
50.017 -22.9995 48 9
-22.0281 21.0019 48 10
0.00170456 -0.000914637 48 11
-21.0173 -10.9985 48 12
0 0 48 13
0 0 48 14
31.0197 -28.0007 48 15
0 0 48 16
-0.00170456 0 48 17
0.981829 15.0119 48 18
0 0 48 19
0 0 48 20
0 0 48 21
7.02451 19.0839 48 22
0 0 48 23
-30.0072 -39.0047 48 24
0 0 48 25
38.0186 5.9991 48 26
-0.00170456 0 48 27
-1.01081 26.0214 48 28
0 0 48 29
0 0 48 30
-13.0297 12.0055 48 31
0 0 48 32
0 0 48 33
0 0 48 34
11.0064 -37.0245 48 35
-10.0041 38.037 48 36
0 0 48 37
-7.03303 3.00367 48 38
0.00340913 0 48 39
0 0 48 40
0 0 48 41
-15.0223 1.00061 48 42
0 0 48 43
0 0 48 44
0.00170456 0 48 45
-7.00406 -37.0208 48 46
0 0 48 47
0 0 48 48
33.0174 20.9991 48 49
-36.0226 12 48 50
0 0 48 51
-3.01197 -9.15917 48 52
0.00340913 0 48 53
0 0 48 54
0 0 48 55
7.0194 -18.0339 48 56
0 0 48 57
0 0 48 58
0 0 48 59
-8.01657 -18.0595 48 60
0 0 48 61
0 0 48 62
0 0 48 63
-7.00747 30.0028 48 64
47.0136 14.0013 48 65
-23.027 -4.99941 48 66
0 0 48 67
0 0 48 68
1.02274 3.00916 48 69
0 0 48 70
0 0 48 71
0 0 48 72
15.007 -38.005 48 73
-0.00170456 0 48 74
0 0 48 75
-23.0201 22.0071 48 76
5.01824 -19.0491 48 77
0 0 48 78
0 0 48 79
32.0168 25.9995 48 80
-0.00170456 0 48 81
0 0 48 82
-6.02052 1.00793 48 83
0 0 48 84
0 0 48 85
0 0 48 86
-22.0264 10.9994 48 87
0.00340913 0 48 88
0.00170456 0 48 89
6.04609 -5.00032 48 90
Failed to fixate on saccade: 48
*******************************
*******************************
Starting saccade: 49
-9.72 -9.72 49 0
-5.71998 -1.71979 
Failed to fixate on saccade: 49
*******************************
*******************************
Starting saccade: 50
17.03 2.69 50 0
8.87647 1.71214 
12.06 0 50 1
24.0493 -1.28793 
Failed to fixate on saccade: 50
*******************************
*******************************
Starting saccade: 51
7.16 1.13 51 0
31.2108 -0.157926 
Failed to fixate on saccade: 51
*******************************
*******************************
Starting saccade: 52
12.25 -6.24 52 0
42.26 -6.39835 
Failed to fixate on saccade: 52
*******************************
*******************************
Starting saccade: 53
-24.0241 8.3982 53 0
-10.29 -1.63 53 1
-4.30076 0.370194 
Failed to fixate on saccade: 53
*******************************
*******************************
Starting saccade: 54
17.03 2.69 54 0
15.5822 1.4414 
-4.19 0.66 54 1
11.4045 2.10135 
-5.13 -5.13 54 2
6.26953 -3.0292 
10.29 1.63 54 3
16.552 -1.39848 
-10.29 -1.63 54 4
6.26925 -3.0286 
10.29 1.63 54 5
16.552 -1.39848 
-3.77 -1.92 54 6
12.791 -3.3186 
-13.58 2.15 54 7
-0.794657 -1.16751 
Fixated on saccade: 54
*******************************
*******************************
Starting saccade: 55
17.03 2.69 55 0
14.522 1.67464 
Failed to fixate on saccade: 55
*******************************
*******************************
Starting saccade: 56
-4.19 0.66 56 0
10.3357 2.33458 
Failed to fixate on saccade: 56
*******************************
*******************************
Starting saccade: 57
-14.72 4.78 57 0
-1.40795 3.61006 
Failed to fixate on saccade: 57
*******************************
*******************************
Starting saccade: 58
0 -8.81 58 0
-1.41709 -5.20096 
Failed to fixate on saccade: 58
*******************************
*******************************
Starting saccade: 59
-1.92 3.77 59 0
-3.33539 -1.43074 
Fixated on saccade: 59
*******************************
*******************************
Starting saccade: 60
-22.81 0 60 0
-25.8601 -1.31262 
Failed to fixate on saccade: 60
*******************************
*******************************
Starting saccade: 61
-10.29 -1.63 61 0
-36.1574 -2.94262 
Failed to fixate on saccade: 61
*******************************
*******************************
Starting saccade: 62
-15.36 7.83 62 0
-35.3603 -4.17015 
Failed to fixate on saccade: 62
*******************************
*******************************
Starting saccade: 63
-7.16 -1.13 63 0
-37.1695 -5.29995 
Failed to fixate on saccade: 63
*******************************
*******************************
Starting saccade: 64
-24.46 3.87 64 0
-54.4592 -1.42952 
Failed to fixate on saccade: 64
*******************************
*******************************
Starting saccade: 65
-14.72 4.78 65 0
-44.7192 3.35031 
Failed to fixate on saccade: 65
*******************************
*******************************
Starting saccade: 66
50.017 8.64972 66 0
-37.52 -19.11 66 1
-17.5158 -7.11008 
21.7 7.05 66 2
4.17477 -0.0605044 
-15.47 0 66 3
-11.2774 -0.0613977 
17.03 2.69 66 4
5.74007 2.6286 
-25.45 -8.26 66 5
-19.696 -5.63145 
20.66 3.27 66 6
0.951223 -2.36154 
-7.16 -1.13 66 7
-10.4317 -2.76732 
1.22 0.62 66 8
-9.21765 -2.14689 
12.06 0 66 9
2.84282 -2.14677 
-10.29 -1.63 66 10
-8.54171 -1.83134 
1.22 0.62 66 11
-7.33581 -1.21122 
-3.77 -1.92 66 12
-11.0934 -3.13018 
Failed to fixate on saccade: 66
*******************************
*******************************
Starting saccade: 67
12.06 0 67 0
1.99736 -1.53396 
-3.77 -1.92 67 1
-1.75751 -3.45396 
10.29 1.63 67 2
8.52688 -1.82287 
-15.47 0 67 3
-6.93243 -1.82299 
7.16 1.13 67 4
-2.58048 -0.745123 
-4.19 0.66 67 5
-6.75597 -0.0846315 
-7.16 -1.13 67 6
-11.093 -2.88805 
1.22 0.62 67 7
-9.88243 -2.26763 
7.16 1.13 67 8
-2.71685 -1.13659 
-7.16 -1.13 67 9
-9.87427 -2.2661 
-3.77 -1.92 67 10
-10.6281 -3.83811 
10.29 1.63 67 11
-0.348787 -2.20702 
-7.16 -1.13 67 12
-10.4896 -2.74811 
1.22 0.62 67 13
-9.26879 -2.12769 
7.16 1.13 67 14
-2.1015 -0.996648 
Failed to fixate on saccade: 67
*******************************
*******************************
Starting saccade: 68
30.89 0 68 0
21.4615 -2.12482 
Failed to fixate on saccade: 68
*******************************
*******************************
Starting saccade: 69
-10.29 -1.63 69 0
11.1767 -3.75482 
Failed to fixate on saccade: 69
*******************************
*******************************
Starting saccade: 70
-12.28 37.81 70 0
-0.282166 18.8101 
Failed to fixate on saccade: 70
*******************************
*******************************
Starting saccade: 71
3.87 -24.46 71 0
3.58815 -6.46006 
Failed to fixate on saccade: 71
*******************************
*******************************
Starting saccade: 72
-3.36 4.63 72 0
0.227511 -1.8302 
Failed to fixate on saccade: 72
*******************************
*******************************
Starting saccade: 73
17.03 2.69 73 0
17.2561 0.859694 
Failed to fixate on saccade: 73
*******************************
*******************************
Starting saccade: 74
Failed to fixate on saccade: 74
*******************************
*******************************
Starting saccade: 75
Failed to fixate on saccade: 75
*******************************
*******************************
Starting saccade: 76
-15.47 0 76 0
-4.04149 -1.14341 
Fixated on saccade: 76
*******************************
*******************************
Starting saccade: 77
23.35 23.35 77 0
13.3487 4.35013 
Failed to fixate on saccade: 77
*******************************
*******************************
Starting saccade: 78
0 -8.81 78 0
13.3547 -4.4601 
Fixated on saccade: 78
*******************************
*******************************
Starting saccade: 79
10.0092 -14.0086 79 0
0 0 79 1
0 0 79 2
0 0 79 3
-46.0147 -1.00061 79 4
37.52 19.11 79 5
18.5101 -7.8902 
29.38 9.54 79 6
47.8961 1.65022 
Failed to fixate on saccade: 79
*******************************
*******************************
Starting saccade: 80
24.46 3.87 80 0
54.4649 5.51989 
Failed to fixate on saccade: 80
*******************************
*******************************
Starting saccade: 81
19.06 0 81 0
49.058 5.51972 
Failed to fixate on saccade: 81
*******************************
*******************************
Starting saccade: 82
19.06 0 82 0
49.058 5.51972 
Failed to fixate on saccade: 82
*******************************
*******************************
Starting saccade: 83
-8.26 25.45 83 0
-7.26002 12.4501 
Failed to fixate on saccade: 83
*******************************
*******************************
Starting saccade: 84
-7.83 -15.36 84 0
-15.0937 -2.91099 
Failed to fixate on saccade: 84
*******************************
*******************************
Starting saccade: 85
35.22 0 85 0
20.1255 -2.91141 
Failed to fixate on saccade: 85
*******************************
*******************************
Starting saccade: 86
-19.06 0 86 0
1.06861 -2.91141 
Failed to fixate on saccade: 86
*******************************
*******************************
Starting saccade: 87
1.22 0.62 87 0
2.28816 -2.29141 
Failed to fixate on saccade: 87
*******************************
*******************************
Starting saccade: 88
-7.16 -1.13 88 0
-4.86966 -3.4222 
Failed to fixate on saccade: 88
*******************************
**************END**************
